0 0.066284 0.526953 0.130480 0.063281
0 0.170668 0.498828 0.082463 0.124219
0 0.248434 0.501563 0.079332 0.125000
0 0.327766 0.504297 0.089770 0.128906
0 0.418580 0.477344 0.083507 0.125000
0 0.446764 0.381641 0.175365 0.067969
0 0.323069 0.403125 0.111691 0.059375
0 0.552192 0.448047 0.171190 0.067969
0 0.509916 0.592578 0.084551 0.119531
0 0.599165 0.541406 0.189979 0.125000
0 0.031837 0.619922 0.061587 0.122656
0 0.103862 0.617188 0.094990 0.118750
0 0.184238 0.618359 0.084551 0.119531
0 0.265658 0.622656 0.080376 0.117188
0 0.346033 0.621484 0.097077 0.121094
0 0.431106 0.596094 0.087683 0.126562
0 0.633090 0.623828 0.170146 0.063281
0 0.843424 0.438281 0.156576 0.128125
0 0.376827 0.936328 0.179541 0.066406
0 0.151879 0.881641 0.159708 0.057031
0 0.084551 0.778125 0.167015 0.062500
0 0.093946 0.705078 0.169102 0.055469
0 0.256785 0.702734 0.169102 0.058594
0 0.265658 0.761328 0.161795 0.064844
0 0.143528 0.831641 0.163883 0.061719
0 0.038622 0.831641 0.075157 0.074219
0 0.268789 0.858594 0.080376 0.112500
0 0.391962 0.826953 0.165971 0.061719
0 0.550626 0.814453 0.170146 0.060156
0 0.555324 0.912891 0.185804 0.064844
0 0.727035 0.878906 0.170146 0.050000
0 0.720251 0.827734 0.183716 0.064844
0 0.862213 0.847266 0.116910 0.132031
0 0.942589 0.833594 0.114823 0.129688
0 0.494781 0.703516 0.175365 0.064844
0 0.382046 0.735547 0.089770 0.113281
0 0.497390 0.754687 0.170146 0.053125
0 0.666493 0.687109 0.178497 0.063281
0 0.674322 0.754297 0.189979 0.064844
0 0.722338 0.532813 0.131524 0.128125
0 0.804802 0.515234 0.127349 0.136719
0 0.911273 0.559375 0.131524 0.131250
0 0.958768 0.531250 0.082463 0.135937
0 0.955115 0.656250 0.089770 0.073438
0 0.961378 0.732031 0.077244 0.123438
0 0.862213 0.728516 0.192067 0.072656
0 0.781837 0.649219 0.133612 0.131250
0 0.869520 0.627734 0.131524 0.125781
