0 0.199609 0.586117 0.077344 0.097077
0 0.264062 0.565762 0.076563 0.108559
0 0.341797 0.586639 0.092969 0.125261
0 0.435547 0.609081 0.099219 0.120042
0 0.517969 0.532359 0.089063 0.104384
0 0.634375 0.578288 0.109375 0.129436
0 0.737109 0.531315 0.096094 0.118998
0 0.814844 0.545929 0.089063 0.114823
0 0.953516 0.681628 0.057031 0.087683
0 0.774219 0.723382 0.060937 0.083507
0 0.832812 0.711378 0.065625 0.082463
0 0.076172 0.579332 0.150781 0.139875
0 0.182031 0.878914 0.079687 0.081420
0 0.255859 0.839770 0.066406 0.074113
0 0.321875 0.825157 0.068750 0.078288
