0 0.223904 0.149219 0.253653 0.182812
0 0.555846 0.272656 0.234864 0.171875
0 0.081942 0.247266 0.161795 0.164844
0 0.788100 0.345313 0.135699 0.109375
0 0.260960 0.389062 0.150313 0.101562
0 0.387787 0.389062 0.143006 0.089063
0 0.167015 0.492969 0.177453 0.135937
0 0.430063 0.504297 0.246347 0.185156
0 0.668058 0.426172 0.254697 0.197656
0 0.804802 0.523828 0.225470 0.172656
0 0.272965 0.828906 0.182672 0.125000
0 0.258351 0.645703 0.147182 0.091406
0 0.316806 0.555469 0.122129 0.098437
0 0.390397 0.683203 0.160752 0.125781
0 0.545407 0.688281 0.186848 0.118750
0 0.575678 0.569141 0.163883 0.125781
0 0.745825 0.678906 0.161795 0.120313
0 0.765658 0.778906 0.149269 0.115625
0 0.590292 0.762500 0.159708 0.112500
0 0.439979 0.754297 0.134656 0.096094
0 0.868998 0.439844 0.161795 0.121875
0 0.889875 0.591016 0.170146 0.142969
