0 0.085595 0.591016 0.062630 0.042969
0 0.060543 0.648438 0.058455 0.042188
0 0.065240 0.689453 0.061587 0.039844
0 0.038622 0.734375 0.060543 0.040625
0 0.043319 0.783203 0.061587 0.041406
0 0.089248 0.746484 0.057411 0.038281
0 0.113779 0.707422 0.054280 0.033594
0 0.115866 0.639453 0.058455 0.044531
0 0.156576 0.618750 0.060543 0.037500
0 0.139353 0.749219 0.057411 0.037500
0 0.088727 0.744531 0.056367 0.040625
0 0.104906 0.780859 0.057411 0.038281
0 0.161273 0.773047 0.053236 0.033594
0 0.139353 0.669531 0.049061 0.032813
0 0.168580 0.644922 0.057411 0.042969
0 0.170146 0.697266 0.050104 0.032031
0 0.217641 0.701172 0.053236 0.035156
0 0.191023 0.739453 0.052192 0.039844
0 0.256263 0.766406 0.053236 0.037500
0 0.209290 0.760156 0.046973 0.035937
0 0.304802 0.764062 0.048017 0.039062
0 0.348643 0.761719 0.054280 0.035937
0 0.402401 0.752734 0.049061 0.036719
0 0.446764 0.757031 0.048017 0.034375
0 0.215031 0.613672 0.056367 0.038281
0 0.264614 0.601953 0.059499 0.036719
0 0.332985 0.600781 0.058455 0.035937
0 0.223382 0.652734 0.062630 0.039844
0 0.249478 0.722266 0.056367 0.035156
0 0.299582 0.713672 0.048017 0.033594
0 0.300626 0.659375 0.050104 0.037500
0 0.320981 0.628125 0.049061 0.032813
0 0.276096 0.629687 0.049061 0.035937
0 0.329332 0.682422 0.046973 0.032031
0 0.343946 0.712109 0.044885 0.035156
0 0.384656 0.713672 0.046973 0.032031
0 0.375261 0.685156 0.051148 0.031250
0 0.358559 0.653906 0.042797 0.029687
0 0.372651 0.624609 0.048017 0.036719
0 0.396138 0.648047 0.040710 0.030469
0 0.276096 0.683594 0.044885 0.034375
0 0.194154 0.672656 0.048017 0.032813
0 0.249478 0.664062 0.043841 0.035937
0 0.446242 0.725781 0.049061 0.035937
0 0.434760 0.683984 0.040710 0.033594
0 0.491127 0.716797 0.049061 0.032031
0 0.487474 0.738281 0.048017 0.031250
0 0.474948 0.672266 0.043841 0.032031
0 0.464509 0.646875 0.050104 0.039062
0 0.477557 0.612109 0.044885 0.028906
0 0.540710 0.630469 0.043841 0.035937
0 0.532359 0.678906 0.043841 0.032813
0 0.555324 0.710156 0.041754 0.031250
0 0.640919 0.757422 0.043841 0.028906
0 0.693111 0.744141 0.045929 0.032031
0 0.593946 0.676172 0.045929 0.035156
0 0.551148 0.605078 0.037578 0.030469
0 0.596555 0.635156 0.038622 0.029687
0 0.637265 0.615625 0.042797 0.034375
0 0.652923 0.650781 0.040710 0.026562
0 0.633090 0.682813 0.042797 0.025000
0 0.665971 0.703906 0.041754 0.029687
0 0.617954 0.707812 0.041754 0.029687
0 0.704593 0.698828 0.043841 0.030469
0 0.699896 0.672266 0.038622 0.032031
0 0.740605 0.675391 0.040710 0.033594
0 0.763570 0.680469 0.038622 0.029687
0 0.686326 0.634375 0.038622 0.031250
0 0.757829 0.609766 0.041754 0.030469
0 0.753132 0.638281 0.038622 0.028125
0 0.716075 0.646094 0.041754 0.029687
0 0.566284 0.687891 0.038622 0.032031
0 0.614823 0.667969 0.037578 0.031250
0 0.772965 0.622266 0.032359 0.027344
