0 0.098828 0.432150 0.141406 0.181628
0 0.234766 0.419624 0.133594 0.185804
0 0.356250 0.405532 0.154688 0.211900
0 0.512500 0.400835 0.162500 0.219207
0 0.673047 0.381524 0.166406 0.216075
0 0.860938 0.414927 0.151562 0.218163
0 0.838672 0.203549 0.074219 0.098121
0 0.730078 0.222860 0.077344 0.107516
0 0.558984 0.230689 0.139844 0.192067
0 0.415625 0.215031 0.150000 0.219207
0 0.275391 0.245825 0.144531 0.193111
0 0.187109 0.287056 0.099219 0.148225
0 0.074219 0.340814 0.071875 0.082463
0 0.330859 0.136743 0.083594 0.091858
0 0.506641 0.159708 0.061719 0.060543
0 0.648047 0.195720 0.064844 0.090814
0 0.718359 0.161273 0.067969 0.082463
0 0.203516 0.191545 0.060156 0.061587
0 0.980078 0.381002 0.039844 0.219207
0 0.292578 0.127871 0.058594 0.053236
0 0.123047 0.295929 0.050781 0.072025
