0 0.402344 0.603862 0.054688 0.065762
0 0.452344 0.582985 0.053125 0.074113
0 0.507031 0.610647 0.059375 0.081420
0 0.544531 0.657620 0.051562 0.068894
0 0.653906 0.559499 0.070312 0.098121
0 0.699609 0.423800 0.066406 0.079332
0 0.748828 0.334029 0.058594 0.081420
0 0.800000 0.396138 0.051562 0.082463
0 0.833203 0.436326 0.044531 0.064718
0 0.884375 0.486430 0.043750 0.060543
0 0.953516 0.530793 0.050781 0.080376
0 0.960547 0.617954 0.053906 0.085595
0 0.909766 0.561587 0.049219 0.085595
0 0.864062 0.576200 0.060937 0.081420
0 0.807813 0.494781 0.057813 0.085595
0 0.737109 0.566806 0.063281 0.083507
0 0.702344 0.523486 0.070312 0.099165
0 0.717187 0.645094 0.076563 0.102296
0 0.660547 0.675887 0.071094 0.090814
0 0.796484 0.670668 0.072656 0.097077
0 0.860547 0.765658 0.064844 0.084551
0 0.826953 0.808977 0.072656 0.091858
0 0.759375 0.840814 0.071875 0.094990
0 0.715625 0.762526 0.070312 0.097077
0 0.596484 0.777662 0.052344 0.083507
0 0.629297 0.821503 0.049219 0.073069
0 0.578125 0.832463 0.051562 0.074113
0 0.752344 0.948330 0.067187 0.094990
0 0.535156 0.806889 0.048438 0.054280
0 0.549609 0.757307 0.050781 0.074113
0 0.517188 0.706159 0.051562 0.074113
0 0.491406 0.753132 0.054688 0.063674
0 0.460547 0.708768 0.047656 0.070981
0 0.470703 0.633612 0.044531 0.062630
0 0.424609 0.676931 0.060156 0.072025
0 0.480469 0.424843 0.028125 0.050104
0 0.454297 0.405532 0.036719 0.049061
0 0.430859 0.335073 0.032031 0.043841
0 0.397266 0.338205 0.035156 0.045929
0 0.398438 0.378392 0.032813 0.038622
0 0.419531 0.400835 0.031250 0.048017
0 0.396484 0.445198 0.035156 0.042797
0 0.378125 0.418580 0.028125 0.050104
0 0.379297 0.479123 0.032031 0.041754
0 0.361328 0.455637 0.036719 0.042797
0 0.336719 0.401357 0.035937 0.049061
0 0.310156 0.382046 0.037500 0.043841
0 0.306641 0.466597 0.036719 0.045929
0 0.351562 0.474948 0.029687 0.037578
0 0.355859 0.548539 0.032031 0.042797
0 0.387891 0.544363 0.028906 0.042797
0 0.287500 0.427975 0.032813 0.041754
0 0.260156 0.397704 0.034375 0.043841
0 0.196875 0.412839 0.032813 0.046973
0 0.228906 0.417015 0.031250 0.044885
0 0.256641 0.438413 0.030469 0.043841
0 0.274219 0.471294 0.034375 0.046973
0 0.304297 0.486430 0.033594 0.041754
0 0.301953 0.528184 0.032031 0.041754
0 0.270703 0.505741 0.033594 0.042797
0 0.275391 0.539666 0.028906 0.035491
0 0.240625 0.526618 0.034375 0.044885
0 0.242578 0.480689 0.032031 0.038622
0 0.216406 0.452505 0.031250 0.042797
0 0.212500 0.499478 0.031250 0.040710
0 0.184375 0.450939 0.029687 0.039666
0 0.328906 0.565762 0.031250 0.041754
0 0.315625 0.585595 0.031250 0.037578
0 0.360156 0.604384 0.031250 0.045929
0 0.332031 0.632568 0.029687 0.039666
0 0.305469 0.649791 0.031250 0.042797
0 0.344922 0.658142 0.030469 0.040710
0 0.368750 0.688935 0.034375 0.050104
0 0.394922 0.712422 0.032031 0.044885
0 0.385156 0.646660 0.028125 0.038622
0 0.254688 0.644572 0.037500 0.044885
0 0.200781 0.649269 0.039062 0.050104
0 0.185156 0.610647 0.040625 0.048017
0 0.155078 0.580376 0.035156 0.043841
0 0.125000 0.626827 0.040625 0.044885
0 0.144531 0.667537 0.035937 0.040710
0 0.187500 0.684760 0.035937 0.039666
0 0.168750 0.641962 0.032813 0.048017
0 0.120703 0.576200 0.038281 0.043841
0 0.118359 0.528184 0.041406 0.043841
0 0.095703 0.495825 0.036719 0.041754
0 0.084766 0.551670 0.038281 0.044885
0 0.071094 0.638831 0.037500 0.052192
0 0.239453 0.659708 0.030469 0.045929
0 0.803516 0.976514 0.064844 0.046973
0 0.796484 0.874217 0.052344 0.076200
0 0.978125 0.662839 0.042188 0.075157
