0 0.314063 0.686667 0.093125 0.131667
0 0.421875 0.719583 0.103750 0.132500
0 0.521250 0.719583 0.103750 0.147500
0 0.569375 0.595000 0.111250 0.141667
0 0.670625 0.574167 0.107500 0.145000
0 0.809063 0.659583 0.094375 0.124167
0 0.847500 0.765000 0.087500 0.131667
0 0.764062 0.767083 0.089375 0.134167
0 0.182500 0.818333 0.101250 0.125000
0 0.278438 0.813750 0.091875 0.124167
0 0.384375 0.799583 0.093750 0.122500
0 0.480000 0.807500 0.095000 0.118333
0 0.573125 0.785000 0.085000 0.101667
0 0.672500 0.791667 0.102500 0.131667
0 0.623437 0.706667 0.104375 0.145000
0 0.715625 0.673333 0.097500 0.130000
