0 0.230078 0.437891 0.036719 0.046973
0 0.292969 0.410230 0.034375 0.054280
0 0.245703 0.474948 0.042969 0.052192
0 0.221094 0.474948 0.028125 0.043841
0 0.203125 0.475992 0.029687 0.043841
0 0.116406 0.565240 0.040625 0.053236
0 0.198047 0.534969 0.038281 0.044885
0 0.181250 0.564196 0.039062 0.044885
0 0.151953 0.647704 0.036719 0.053236
0 0.186328 0.661795 0.038281 0.050104
0 0.166406 0.676409 0.034375 0.041754
0 0.187891 0.702505 0.035156 0.045929
0 0.219531 0.692067 0.035937 0.043841
0 0.230078 0.616910 0.035156 0.043841
0 0.252734 0.728079 0.039844 0.049061
0 0.291406 0.738518 0.037500 0.044885
0 0.309375 0.780793 0.039062 0.050104
0 0.345703 0.791754 0.033594 0.046973
0 0.285938 0.665449 0.040625 0.051148
0 0.287500 0.587683 0.032813 0.039666
0 0.325781 0.577244 0.039062 0.043841
0 0.354687 0.592902 0.035937 0.043841
0 0.360938 0.650835 0.037500 0.049061
0 0.383203 0.693633 0.033594 0.049061
0 0.375781 0.726514 0.034375 0.041754
0 0.325000 0.719729 0.040625 0.044885
0 0.407813 0.746347 0.037500 0.045929
0 0.416406 0.720251 0.039062 0.045929
0 0.322266 0.632046 0.033594 0.042797
0 0.242969 0.540710 0.035937 0.043841
0 0.274609 0.543841 0.041406 0.045929
0 0.277734 0.483299 0.038281 0.041754
0 0.321094 0.450418 0.032813 0.044885
0 0.318359 0.538100 0.032031 0.042797
0 0.335547 0.501044 0.033594 0.041754
0 0.347656 0.476514 0.034375 0.046973
0 0.371875 0.431106 0.035937 0.045929
0 0.345313 0.400313 0.037500 0.046973
0 0.396875 0.376305 0.037500 0.040710
0 0.408594 0.347599 0.031250 0.039666
0 0.443750 0.351253 0.028125 0.038622
0 0.478125 0.377349 0.035937 0.044885
0 0.453906 0.398747 0.035937 0.039666
0 0.488281 0.413883 0.034375 0.046973
0 0.525000 0.437370 0.035937 0.050104
0 0.386719 0.470772 0.034375 0.043841
0 0.416797 0.530271 0.032031 0.035491
0 0.401562 0.501566 0.034375 0.042797
0 0.399609 0.554802 0.032031 0.032359
0 0.389844 0.517745 0.029687 0.041754
0 0.368359 0.509395 0.032031 0.045929
0 0.434375 0.489040 0.032813 0.036534
0 0.425000 0.457724 0.028125 0.036534
0 0.403906 0.441545 0.034375 0.041754
0 0.420312 0.418058 0.035937 0.049061
0 0.450000 0.456681 0.026562 0.040710
0 0.478125 0.471816 0.028125 0.041754
0 0.493359 0.530793 0.033594 0.042797
0 0.462109 0.561587 0.038281 0.045929
0 0.439844 0.605428 0.034375 0.045929
0 0.419922 0.618476 0.033594 0.044885
0 0.524609 0.538100 0.032031 0.038622
0 0.516016 0.509395 0.035156 0.048017
0 0.550000 0.515136 0.032813 0.042797
0 0.558203 0.441023 0.035156 0.042797
0 0.565625 0.470772 0.032813 0.041754
0 0.600781 0.484864 0.031250 0.042797
0 0.620703 0.483820 0.025781 0.042797
0 0.455078 0.685282 0.042969 0.049061
0 0.492188 0.682150 0.037500 0.053236
0 0.514062 0.644572 0.039062 0.055324
0 0.533203 0.718685 0.044531 0.051148
0 0.551172 0.662317 0.030469 0.040710
0 0.544922 0.629958 0.032031 0.046973
0 0.569141 0.613779 0.035156 0.045929
0 0.585547 0.538622 0.036719 0.050104
0 0.557422 0.549582 0.033594 0.044885
0 0.534375 0.569415 0.032813 0.034447
0 0.605859 0.617432 0.036719 0.046973
0 0.636328 0.591336 0.036719 0.051148
0 0.633203 0.531837 0.032031 0.038622
0 0.650781 0.565240 0.029687 0.042797
0 0.680859 0.480167 0.042969 0.062630
0 0.717187 0.504697 0.035937 0.049061
0 0.691797 0.535491 0.038281 0.045929
0 0.695312 0.596555 0.032813 0.042797
0 0.653516 0.652923 0.046094 0.051148
0 0.669922 0.707724 0.038281 0.050104
0 0.723828 0.726514 0.046094 0.054280
0 0.744141 0.794363 0.046094 0.052192
0 0.769922 0.763048 0.038281 0.045929
0 0.762500 0.716075 0.037500 0.048017
0 0.755078 0.653445 0.036719 0.045929
0 0.756641 0.608038 0.028906 0.040710
0 0.811328 0.696242 0.032031 0.041754
0 0.847656 0.775574 0.034375 0.043841
0 0.932422 0.792276 0.032031 0.056367
0 0.890625 0.687370 0.034375 0.044885
0 0.945312 0.690501 0.035937 0.051148
0 0.751172 0.564196 0.030469 0.038622
0 0.962500 0.729123 0.032813 0.049061
0 0.984766 0.846555 0.030469 0.056367
0 0.904297 0.561065 0.035156 0.057411
0 0.847656 0.558455 0.028125 0.041754
0 0.944531 0.625261 0.037500 0.045929
0 0.939453 0.569937 0.032031 0.045929
0 0.955469 0.542797 0.031250 0.041754
0 0.935547 0.524008 0.032031 0.045929
0 0.915625 0.472860 0.035937 0.052192
0 0.935547 0.467119 0.027344 0.044885
0 0.969922 0.506263 0.032031 0.043841
0 0.894141 0.504175 0.038281 0.050104
0 0.666406 0.420146 0.032813 0.040710
