0 0.311250 0.180417 0.175000 0.235833
0 0.208750 0.387083 0.192500 0.224167
0 0.097812 0.627917 0.193125 0.215833
0 0.376875 0.653333 0.188750 0.206667
0 0.037500 0.779583 0.073750 0.174167
0 0.473750 0.598333 0.120000 0.200000
0 0.428750 0.419167 0.133750 0.188333
0 0.544375 0.311667 0.112500 0.170000
0 0.670000 0.445000 0.116250 0.160000
0 0.887813 0.835833 0.091875 0.168333
0 0.724688 0.269583 0.115625 0.185833
0 0.630000 0.106667 0.125000 0.201667
0 0.870000 0.087083 0.145000 0.172500
0 0.627188 0.022917 0.136875 0.044167
