0 0.203750 0.200417 0.073750 0.090833
0 0.175937 0.315833 0.068125 0.091667
0 0.136250 0.377083 0.066250 0.080833
0 0.081875 0.593750 0.051250 0.064167
0 0.132188 0.561667 0.064375 0.080000
0 0.191250 0.607083 0.067500 0.080833
0 0.519687 0.825417 0.089375 0.115833
0 0.441250 0.695833 0.078750 0.105000
0 0.522188 0.647917 0.090625 0.115833
0 0.672500 0.539583 0.107500 0.135833
0 0.614062 0.595833 0.081875 0.121667
0 0.712812 0.403750 0.111875 0.150833
0 0.813750 0.346667 0.112500 0.160000
0 0.653750 0.047500 0.116250 0.093333
0 0.595938 0.144583 0.105625 0.149167
0 0.659687 0.232500 0.093125 0.135000
0 0.586875 0.290000 0.096250 0.131667
0 0.562813 0.445417 0.098125 0.130833
0 0.542188 0.530000 0.085625 0.116667
0 0.446562 0.585417 0.086875 0.105833
0 0.473438 0.489583 0.089375 0.117500
0 0.491563 0.337083 0.084375 0.117500
0 0.483125 0.174167 0.095000 0.118333
0 0.428125 0.079167 0.090000 0.118333
0 0.330625 0.112917 0.080000 0.105833
0 0.257188 0.149167 0.078125 0.106667
0 0.319688 0.217500 0.066875 0.096667
0 0.387188 0.187917 0.070625 0.097500
0 0.426875 0.262083 0.085000 0.119167
0 0.417500 0.385000 0.083750 0.115000
0 0.405000 0.443750 0.058750 0.072500
0 0.393750 0.537500 0.066250 0.093333
0 0.389062 0.629583 0.049375 0.087500
0 0.331250 0.595000 0.063750 0.085000
0 0.323750 0.507083 0.063750 0.085833
0 0.353438 0.442083 0.061875 0.089167
0 0.363125 0.362083 0.060000 0.080833
0 0.371563 0.282500 0.065625 0.093333
0 0.312188 0.305417 0.064375 0.104167
0 0.242188 0.294167 0.079375 0.105000
0 0.230625 0.377500 0.070000 0.091667
0 0.198437 0.509583 0.071875 0.084167
0 0.151250 0.452083 0.060000 0.075833
0 0.135000 0.380417 0.072500 0.104167
0 0.193125 0.431667 0.066250 0.081667
0 0.251563 0.458750 0.064375 0.089167
0 0.297500 0.395833 0.073750 0.098333
0 0.943125 0.323333 0.060000 0.098333
0 0.797500 0.165417 0.023750 0.037500
0 0.763125 0.187500 0.032500 0.045000
0 0.736250 0.218750 0.026250 0.039167
0 0.849375 0.240833 0.026250 0.036667
0 0.825313 0.229167 0.026875 0.043333
0 0.855938 0.110000 0.050625 0.061667
0 0.921875 0.252917 0.062500 0.079167
0 0.903438 0.389583 0.054375 0.079167
