0 0.433750 0.320937 0.150833 0.129375
0 0.560833 0.321562 0.106667 0.095625
0 0.740417 0.359375 0.184167 0.123750
0 0.535000 0.604688 0.186667 0.169375
0 0.711250 0.622500 0.170833 0.148750
0 0.815417 0.540312 0.144167 0.106875
0 0.712500 0.441250 0.141667 0.085000
0 0.573750 0.418125 0.120833 0.125000
0 0.465417 0.407813 0.110833 0.089375
0 0.361250 0.474375 0.137500 0.120000
0 0.240000 0.412187 0.185000 0.136875
0 0.305417 0.612812 0.117500 0.096875
0 0.414583 0.670937 0.149167 0.111875
0 0.853333 0.652500 0.153333 0.108750
0 0.949167 0.128438 0.101667 0.106875
0 0.225417 0.487812 0.127500 0.090625
0 0.422917 0.567813 0.097500 0.088125
