0 0.559688 0.461250 0.109375 0.150833
0 0.484063 0.652917 0.143125 0.185833
0 0.313437 0.903750 0.139375 0.149167
0 0.271562 0.252083 0.058125 0.070833
0 0.399062 0.178333 0.066875 0.078333
0 0.423438 0.249167 0.059375 0.090000
0 0.379375 0.316667 0.067500 0.076667
0 0.368125 0.397083 0.056250 0.090833
0 0.297500 0.419167 0.080000 0.098333
0 0.231250 0.395417 0.063750 0.074167
0 0.232187 0.312917 0.068125 0.080833
0 0.334688 0.281667 0.061875 0.076667
0 0.355000 0.224167 0.063750 0.080000
0 0.079062 0.120417 0.156875 0.239167
