0 0.854688 0.702500 0.103125 0.135000
0 0.747188 0.691250 0.100625 0.135833
0 0.167500 0.669167 0.091250 0.128333
0 0.271562 0.643750 0.094375 0.117500
0 0.118125 0.623750 0.082500 0.127500
0 0.454375 0.669583 0.092500 0.127500
0 0.377500 0.628333 0.082500 0.108333
0 0.550625 0.617083 0.078750 0.110833
0 0.633750 0.633750 0.090000 0.117500
0 0.697500 0.542917 0.095000 0.124167
0 0.897500 0.656667 0.067500 0.101667
0 0.870625 0.559583 0.087500 0.117500
0 0.856250 0.442083 0.100000 0.120833
0 0.742812 0.511250 0.066875 0.089167
0 0.597187 0.516667 0.076875 0.106667
0 0.515938 0.533333 0.086875 0.116667
0 0.428125 0.532083 0.087500 0.119167
0 0.338438 0.535000 0.086875 0.125000
0 0.257500 0.523333 0.077500 0.110000
0 0.204687 0.510000 0.063125 0.113333
0 0.362812 0.415833 0.086875 0.120000
0 0.470000 0.428750 0.087500 0.117500
0 0.562500 0.429583 0.083750 0.122500
0 0.635625 0.426250 0.076250 0.104167
0 0.701875 0.425833 0.063750 0.113333
