0 0.230833 0.203750 0.055000 0.041250
0 0.199583 0.211875 0.045833 0.033750
0 0.148750 0.246250 0.045833 0.038750
0 0.116250 0.264062 0.044167 0.030625
0 0.082500 0.290625 0.043333 0.038750
0 0.120000 0.292812 0.046667 0.038125
0 0.064167 0.340625 0.051667 0.043750
0 0.128750 0.328437 0.050833 0.040625
0 0.127917 0.364687 0.052500 0.039375
0 0.055833 0.380000 0.053333 0.036250
0 0.035833 0.393125 0.046667 0.035000
0 0.232917 0.243438 0.050833 0.036875
0 0.193750 0.245000 0.050833 0.040000
0 0.213333 0.279375 0.051667 0.040000
0 0.191250 0.308750 0.054167 0.036250
0 0.170417 0.276250 0.047500 0.036250
0 0.286250 0.229063 0.055833 0.040625
0 0.339167 0.204063 0.056667 0.040625
0 0.378333 0.178125 0.056667 0.047500
0 0.436250 0.195000 0.049167 0.042500
0 0.478750 0.213438 0.054167 0.041875
0 0.421250 0.228750 0.059167 0.041250
0 0.373750 0.236250 0.062500 0.042500
0 0.350833 0.264688 0.041667 0.034375
0 0.309583 0.270937 0.044167 0.035625
0 0.283333 0.298438 0.045000 0.035625
0 0.275417 0.331875 0.042500 0.033750
0 0.302917 0.339687 0.049167 0.040625
0 0.333750 0.300312 0.040833 0.034375
0 0.200417 0.392813 0.047500 0.036875
0 0.234583 0.373750 0.050833 0.035000
0 0.284583 0.384062 0.049167 0.034375
0 0.143750 0.415938 0.044167 0.034375
0 0.187083 0.424375 0.047500 0.035000
0 0.128333 0.435000 0.040000 0.032500
0 0.037083 0.478438 0.045833 0.034375
0 0.046667 0.510312 0.048333 0.033125
0 0.112500 0.480938 0.043333 0.034375
0 0.118333 0.511250 0.041667 0.030000
0 0.169583 0.493750 0.045833 0.033750
0 0.146667 0.495625 0.035000 0.033750
0 0.157083 0.451875 0.044167 0.035000
0 0.195833 0.472187 0.045000 0.035625
0 0.230000 0.436250 0.041667 0.035000
0 0.253333 0.454688 0.050000 0.038125
0 0.237917 0.477812 0.045833 0.035625
0 0.294167 0.473438 0.051667 0.039375
0 0.350833 0.498125 0.051667 0.038750
0 0.317083 0.426563 0.054167 0.041875
0 0.279167 0.490625 0.048333 0.035000
0 0.298333 0.522500 0.048333 0.036250
0 0.333333 0.488750 0.040000 0.030000
0 0.367083 0.446562 0.047500 0.034375
0 0.343333 0.360312 0.046667 0.035625
0 0.380417 0.366563 0.050833 0.038125
0 0.357083 0.330937 0.047500 0.039375
0 0.370833 0.292812 0.043333 0.035625
0 0.420417 0.283750 0.054167 0.042500
0 0.397500 0.330000 0.051667 0.041250
0 0.430833 0.360938 0.053333 0.040625
0 0.107500 0.568125 0.050000 0.036250
0 0.152917 0.602187 0.054167 0.038125
0 0.117083 0.657813 0.057500 0.045625
0 0.073750 0.631250 0.055833 0.040000
0 0.024167 0.594063 0.046667 0.036875
0 0.095833 0.548438 0.038333 0.021875
0 0.020000 0.653438 0.038333 0.043125
0 0.015417 0.691875 0.029167 0.040000
0 0.215417 0.579063 0.054167 0.040625
0 0.214167 0.673750 0.051667 0.038750
0 0.269167 0.757500 0.066667 0.040000
0 0.373333 0.729062 0.061667 0.041875
0 0.301250 0.812813 0.064167 0.043125
0 0.367500 0.796875 0.061667 0.046250
0 0.427500 0.812813 0.068333 0.040625
0 0.432083 0.730938 0.062500 0.039375
0 0.261250 0.656875 0.054167 0.040000
0 0.261667 0.604688 0.050000 0.035625
0 0.237500 0.617188 0.048333 0.034375
0 0.307500 0.576875 0.051667 0.037500
0 0.325833 0.608125 0.048333 0.037500
0 0.372500 0.605625 0.048333 0.037500
0 0.357500 0.571250 0.051667 0.037500
0 0.407917 0.555937 0.050833 0.033125
0 0.377083 0.525625 0.045833 0.033750
0 0.416250 0.594375 0.049167 0.036250
0 0.468750 0.582187 0.050833 0.038125
0 0.515833 0.586250 0.053333 0.037500
0 0.558333 0.610313 0.053333 0.039375
0 0.521667 0.634375 0.050000 0.035000
0 0.540833 0.675312 0.051667 0.038125
0 0.576667 0.630000 0.050000 0.031250
0 0.596250 0.587812 0.057500 0.035625
0 0.623333 0.657500 0.053333 0.033750
0 0.645000 0.622812 0.053333 0.033125
0 0.671250 0.600625 0.050833 0.038750
0 0.711667 0.622188 0.053333 0.034375
0 0.716250 0.660312 0.055833 0.035625
0 0.403333 0.420938 0.051667 0.040625
0 0.437500 0.406875 0.051667 0.040000
0 0.450833 0.437188 0.050000 0.035625
0 0.455833 0.477500 0.050000 0.037500
0 0.444583 0.500625 0.047500 0.032500
0 0.475833 0.523438 0.050000 0.034375
0 0.522917 0.543125 0.052500 0.036250
0 0.538333 0.506563 0.053333 0.038125
0 0.502083 0.480625 0.040833 0.032500
0 0.520000 0.460625 0.046667 0.035000
0 0.490000 0.427187 0.045000 0.031875
0 0.527083 0.422500 0.049167 0.040000
0 0.486250 0.398125 0.052500 0.037500
0 0.487083 0.333125 0.049167 0.036250
0 0.525833 0.318437 0.050000 0.033125
0 0.529583 0.348125 0.047500 0.036250
0 0.570417 0.362812 0.049167 0.036875
0 0.569583 0.333437 0.052500 0.038125
0 0.612917 0.315000 0.052500 0.042500
0 0.470417 0.291875 0.052500 0.042500
0 0.494583 0.255312 0.049167 0.040625
0 0.543750 0.241563 0.055833 0.040625
0 0.532083 0.281562 0.057500 0.046875
0 0.584167 0.272500 0.061667 0.045000
0 0.656250 0.261875 0.054167 0.041250
0 0.717500 0.271875 0.053333 0.046250
0 0.670833 0.299063 0.051667 0.043125
0 0.666667 0.340313 0.051667 0.038125
0 0.653333 0.379063 0.055000 0.039375
0 0.595417 0.412813 0.052500 0.039375
0 0.562500 0.435000 0.048333 0.032500
0 0.608333 0.438125 0.048333 0.036250
0 0.654167 0.422812 0.046667 0.043125
0 0.693333 0.397500 0.050000 0.038750
0 0.694167 0.434063 0.051667 0.038125
0 0.640000 0.486563 0.055000 0.040625
0 0.590833 0.471562 0.051667 0.036875
0 0.710417 0.347187 0.047500 0.041875
0 0.708750 0.310937 0.049167 0.043125
0 0.789167 0.292812 0.061667 0.048125
0 0.772917 0.330625 0.052500 0.041250
0 0.760833 0.364375 0.053333 0.036250
0 0.742500 0.397500 0.048333 0.040000
0 0.770833 0.427500 0.056667 0.038750
0 0.803750 0.396562 0.052500 0.040625
0 0.827083 0.350313 0.055833 0.040625
0 0.885417 0.328125 0.059167 0.042500
0 0.695833 0.523750 0.043333 0.033750
0 0.738333 0.527188 0.043333 0.034375
0 0.710833 0.486563 0.041667 0.028125
0 0.708750 0.465000 0.052500 0.032500
0 0.763333 0.484687 0.051667 0.033125
0 0.737917 0.580313 0.044167 0.026875
0 0.794167 0.615313 0.043333 0.028125
0 0.772917 0.594688 0.042500 0.028125
0 0.809167 0.588125 0.041667 0.028750
0 0.772917 0.564688 0.044167 0.029375
0 0.810417 0.544687 0.044167 0.029375
0 0.773750 0.505000 0.047500 0.031250
0 0.871667 0.383125 0.056667 0.043750
0 0.915833 0.399062 0.053333 0.041875
0 0.907083 0.356875 0.055833 0.041250
0 0.846667 0.412500 0.051667 0.037500
0 0.837083 0.448750 0.047500 0.038750
0 0.822917 0.485938 0.050833 0.038125
0 0.870000 0.497500 0.051667 0.037500
0 0.907917 0.502500 0.047500 0.035000
0 0.865417 0.527813 0.047500 0.034375
0 0.907917 0.536563 0.045833 0.036875
0 0.948750 0.517813 0.052500 0.036875
0 0.866667 0.575000 0.043333 0.030000
0 0.905000 0.572500 0.043333 0.031250
0 0.884167 0.553438 0.043333 0.026875
0 0.916250 0.440000 0.052500 0.041250
0 0.870417 0.457813 0.045833 0.036875
0 0.957917 0.372188 0.054167 0.043125
0 0.757083 0.621875 0.037500 0.031250
0 0.849167 0.609375 0.045000 0.030000
0 0.837083 0.563750 0.040833 0.030000
0 0.735833 0.547813 0.043333 0.030625
0 0.254167 0.407500 0.048333 0.037500
0 0.945417 0.551250 0.027500 0.026250
0 0.973750 0.562500 0.029167 0.025000
0 0.900833 0.620313 0.031667 0.023125
0 0.935000 0.635000 0.031667 0.022500
0 0.973333 0.665625 0.030000 0.022500
0 0.883750 0.654062 0.035833 0.020625
0 0.915833 0.660625 0.028333 0.022500
0 0.835417 0.674063 0.032500 0.018125
0 0.758333 0.671875 0.033333 0.020000
0 0.780000 0.641875 0.026667 0.020000
0 0.814167 0.685312 0.030000 0.020625
0 0.862917 0.676875 0.019167 0.021250
0 0.551250 0.731875 0.029167 0.018750
0 0.509167 0.682187 0.025000 0.019375
0 0.522083 0.760000 0.030833 0.021250
0 0.500000 0.773125 0.031667 0.020000
0 0.590833 0.762813 0.031667 0.019375
0 0.672083 0.757500 0.029167 0.021250
0 0.712917 0.752188 0.034167 0.024375
0 0.744167 0.750938 0.023333 0.024375
0 0.632083 0.776250 0.032500 0.022500
0 0.577083 0.794375 0.034167 0.022500
0 0.546667 0.794687 0.026667 0.020625
0 0.522917 0.823438 0.029167 0.019375
0 0.580833 0.824688 0.031667 0.020625
0 0.615833 0.834063 0.030000 0.020625
0 0.637083 0.800000 0.025833 0.021250
0 0.671250 0.807500 0.030833 0.023750
0 0.651667 0.825000 0.028333 0.016250
0 0.662083 0.854688 0.024167 0.015625
0 0.717917 0.890625 0.037500 0.025000
0 0.762500 0.892500 0.036667 0.026250
0 0.763750 0.855313 0.039167 0.021875
0 0.772500 0.811250 0.040000 0.022500
0 0.806250 0.780937 0.035833 0.021875
0 0.867500 0.838437 0.038333 0.025625
0 0.804583 0.845313 0.037500 0.021875
0 0.825000 0.882500 0.040000 0.023750
0 0.792917 0.920937 0.034167 0.020625
0 0.752083 0.917188 0.040833 0.018125
0 0.701250 0.912813 0.035833 0.014375
0 0.845417 0.848437 0.032500 0.020625
0 0.862083 0.866875 0.030833 0.018750
0 0.900000 0.867188 0.035000 0.024375
0 0.912917 0.815937 0.040833 0.024375
0 0.940417 0.780312 0.035833 0.024375
0 0.983333 0.769687 0.033333 0.021875
0 0.969167 0.818438 0.031667 0.023125
0 0.947500 0.853750 0.041667 0.022500
0 0.914167 0.888125 0.038333 0.017500
0 0.884583 0.903750 0.034167 0.025000
0 0.939167 0.894062 0.026667 0.018125
