0 0.049688 0.479583 0.098125 0.127500
0 0.139063 0.459583 0.089375 0.114167
0 0.239687 0.430417 0.094375 0.124167
0 0.359063 0.302500 0.098125 0.136667
0 0.478125 0.260000 0.111250 0.148333
0 0.596875 0.300833 0.106250 0.140000
0 0.695312 0.343333 0.100625 0.138333
0 0.519062 0.379167 0.099375 0.126667
0 0.443125 0.497917 0.106250 0.127500
0 0.293750 0.593750 0.131250 0.150833
0 0.045312 0.623750 0.086875 0.107500
0 0.025937 0.711667 0.048125 0.095000
0 0.140937 0.697500 0.044375 0.056667
0 0.061875 0.784583 0.048750 0.062500
0 0.149062 0.794583 0.050625 0.054167
0 0.252188 0.723333 0.090625 0.108333
0 0.341250 0.805000 0.087500 0.091667
0 0.408438 0.718333 0.084375 0.100000
0 0.530312 0.552500 0.096875 0.103333
0 0.614688 0.430417 0.096875 0.119167
0 0.706562 0.461250 0.090625 0.114167
0 0.786563 0.402917 0.090625 0.099167
0 0.854375 0.480833 0.093750 0.108333
0 0.943438 0.509583 0.086875 0.114167
0 0.770938 0.545417 0.091875 0.102500
0 0.639375 0.567917 0.095000 0.117500
0 0.506250 0.643333 0.076250 0.098333
0 0.420000 0.617917 0.098750 0.109167
0 0.590313 0.689583 0.084375 0.104167
0 0.700313 0.627917 0.078125 0.114167
0 0.779687 0.682917 0.090625 0.110833
0 0.853437 0.597917 0.090625 0.114167
0 0.701562 0.739167 0.094375 0.110000
