0 0.080312 0.164583 0.093125 0.114167
0 0.159062 0.136250 0.076875 0.104167
0 0.244688 0.160833 0.081875 0.111667
0 0.329688 0.155833 0.081875 0.110000
0 0.415000 0.157500 0.083750 0.096667
0 0.485938 0.150417 0.080625 0.099167
0 0.567500 0.145000 0.078750 0.101667
0 0.126875 0.242500 0.078750 0.110000
0 0.199063 0.263333 0.094375 0.115000
0 0.290625 0.251250 0.087500 0.109167
0 0.375000 0.245833 0.076250 0.095000
0 0.451250 0.245833 0.073750 0.103333
0 0.535625 0.240417 0.081250 0.114167
0 0.626875 0.238333 0.078750 0.126667
0 0.688125 0.233333 0.048750 0.106667
0 0.147187 0.357083 0.083125 0.110833
0 0.222812 0.377083 0.084375 0.120833
0 0.334062 0.350417 0.091875 0.119167
0 0.422812 0.342083 0.079375 0.117500
0 0.504062 0.345000 0.088125 0.123333
0 0.575625 0.330000 0.062500 0.110000
0 0.645625 0.330833 0.071250 0.090000
0 0.725938 0.329167 0.069375 0.113333
0 0.795000 0.359167 0.071250 0.106667
0 0.080000 0.485833 0.066250 0.116667
0 0.147813 0.499583 0.105625 0.124167
0 0.288438 0.481250 0.106875 0.130833
0 0.383750 0.451250 0.088750 0.117500
0 0.469375 0.449583 0.087500 0.127500
0 0.549063 0.437083 0.083125 0.120833
0 0.621250 0.426667 0.072500 0.113333
0 0.694688 0.418333 0.069375 0.106667
0 0.748750 0.440833 0.057500 0.100000
0 0.821562 0.448750 0.076875 0.105833
0 0.144063 0.620417 0.101875 0.120833
0 0.247188 0.590833 0.099375 0.111667
0 0.393750 0.661250 0.090000 0.119167
0 0.429375 0.545000 0.076250 0.110000
0 0.480312 0.640417 0.084375 0.119167
0 0.514375 0.534167 0.067500 0.093333
0 0.587812 0.519583 0.070625 0.100833
0 0.658125 0.506250 0.073750 0.097500
0 0.723125 0.541667 0.077500 0.095000
0 0.776875 0.525833 0.051250 0.083333
0 0.809375 0.624583 0.062500 0.094167
0 0.751250 0.607500 0.052500 0.080000
0 0.628437 0.802083 0.110625 0.147500
0 0.741250 0.771250 0.110000 0.144167
0 0.091250 0.765833 0.117500 0.116667
0 0.208437 0.722500 0.099375 0.121667
