0 0.752188 0.400000 0.065625 0.133333
0 0.786875 0.862222 0.060000 0.097778
0 0.848437 0.750000 0.061875 0.088889
0 0.838750 0.643333 0.057500 0.106667
0 0.827500 0.522778 0.061250 0.101111
0 0.657500 0.339444 0.061250 0.101111
0 0.704688 0.490000 0.065625 0.102222
0 0.760312 0.508333 0.063125 0.103333
0 0.780937 0.631667 0.064375 0.114444
0 0.692813 0.791667 0.065625 0.094444
0 0.668750 0.682778 0.061250 0.105556
0 0.740313 0.711111 0.064375 0.102222
0 0.782188 0.731111 0.059375 0.097778
0 0.699688 0.563333 0.064375 0.084444
0 0.619687 0.430000 0.058125 0.117778
0 0.580937 0.222778 0.059375 0.112222
0 0.523125 0.199444 0.057500 0.107778
0 0.590938 0.277778 0.051875 0.075556
0 0.543438 0.315000 0.058125 0.112222
0 0.485625 0.281111 0.058750 0.115556
0 0.503750 0.427778 0.066250 0.100000
0 0.582812 0.541111 0.065625 0.106667
0 0.564063 0.425556 0.064375 0.111111
0 0.741875 0.805000 0.055000 0.103333
0 0.626563 0.763333 0.058125 0.093333
0 0.569375 0.757778 0.057500 0.104444
0 0.614062 0.648333 0.061875 0.103333
0 0.641250 0.531111 0.060000 0.097778
0 0.522500 0.524444 0.060000 0.113333
0 0.458750 0.510556 0.060000 0.118889
0 0.442812 0.381111 0.061875 0.115556
0 0.425625 0.231111 0.063750 0.126667
0 0.543438 0.617778 0.060625 0.108889
0 0.487812 0.610000 0.058125 0.102222
0 0.510000 0.750556 0.062500 0.103333
0 0.448750 0.731111 0.062500 0.120000
0 0.422812 0.617222 0.065625 0.098889
0 0.386250 0.711667 0.065000 0.101111
0 0.352812 0.596111 0.066875 0.107778
0 0.397500 0.482222 0.065000 0.111111
0 0.384062 0.338889 0.061875 0.115556
0 0.346250 0.226111 0.071250 0.112222
0 0.391250 0.120556 0.055000 0.114444
0 0.331875 0.116111 0.063750 0.112222
0 0.251250 0.118889 0.065000 0.120000
0 0.205625 0.183889 0.060000 0.105556
0 0.307500 0.220000 0.048750 0.104444
0 0.261875 0.320556 0.063750 0.112222
0 0.325625 0.338889 0.058750 0.104444
0 0.339375 0.454444 0.063750 0.108889
0 0.302812 0.540556 0.063125 0.107778
0 0.311875 0.698889 0.067500 0.108889
0 0.249062 0.688889 0.065625 0.111111
0 0.183438 0.701111 0.066875 0.104444
0 0.049063 0.732222 0.066875 0.102222
0 0.175937 0.586667 0.060625 0.095556
0 0.241563 0.531111 0.061875 0.095556
0 0.280938 0.422778 0.058125 0.103333
0 0.150000 0.117778 0.070000 0.115556
0 0.132500 0.237778 0.060000 0.102222
0 0.175625 0.297222 0.065000 0.105556
0 0.227187 0.392778 0.059375 0.110000
0 0.169687 0.406111 0.059375 0.118889
0 0.145313 0.478889 0.063125 0.104444
0 0.053125 0.583889 0.073750 0.092222
0 0.067187 0.455556 0.068125 0.102222
0 0.109687 0.346667 0.064375 0.108889
0 0.050000 0.323333 0.040000 0.060000
0 0.040938 0.077778 0.040625 0.066667
0 0.035000 0.267778 0.035000 0.055556
0 0.070938 0.184444 0.036875 0.066667
0 0.036562 0.154444 0.040625 0.060000
0 0.103438 0.185000 0.041875 0.067778
