0 0.055000 0.704583 0.108750 0.169167
0 0.190312 0.679583 0.115625 0.159167
0 0.093125 0.864167 0.120000 0.165000
0 0.222188 0.849583 0.123125 0.167500
0 0.037812 0.465417 0.074375 0.122500
0 0.057813 0.294583 0.096875 0.125833
0 0.151562 0.202083 0.103125 0.144167
0 0.164062 0.337500 0.094375 0.138333
0 0.131875 0.446667 0.092500 0.125000
0 0.156250 0.545000 0.108750 0.151667
0 0.265313 0.532083 0.105625 0.145833
0 0.307188 0.661667 0.109375 0.156667
0 0.380625 0.517500 0.103750 0.143333
0 0.253125 0.404167 0.096250 0.136667
0 0.295938 0.297500 0.095625 0.131667
0 0.330313 0.188333 0.096875 0.145000
0 0.218125 0.106250 0.102500 0.147500
0 0.468750 0.064583 0.101250 0.127500
0 0.425000 0.173333 0.098750 0.143333
0 0.391562 0.299167 0.091875 0.125000
0 0.350625 0.401250 0.083750 0.135833
0 0.431875 0.632917 0.110000 0.140833
0 0.357812 0.808333 0.121875 0.156667
0 0.476875 0.805417 0.121250 0.170833
0 0.595313 0.767083 0.109375 0.154167
0 0.486563 0.508333 0.098125 0.141667
0 0.440625 0.400833 0.088750 0.133333
0 0.529687 0.390000 0.096875 0.126667
0 0.475625 0.284167 0.098750 0.140000
0 0.575313 0.271667 0.106875 0.146667
0 0.523438 0.166250 0.096875 0.149167
0 0.565312 0.047500 0.106875 0.093333
0 0.651250 0.078750 0.091250 0.120833
0 0.618125 0.168750 0.092500 0.127500
0 0.729375 0.120000 0.107500 0.141667
0 0.682813 0.254167 0.106875 0.148333
0 0.629375 0.375417 0.106250 0.150833
