0 0.089063 0.195000 0.046875 0.092222
0 0.036562 0.252222 0.045625 0.082222
0 0.073750 0.284444 0.041250 0.084444
0 0.099062 0.266667 0.050625 0.084444
0 0.122813 0.206111 0.054375 0.092222
0 0.181875 0.240556 0.051250 0.094444
0 0.230000 0.274444 0.050000 0.086667
0 0.197187 0.308889 0.050625 0.082222
0 0.143437 0.287222 0.053125 0.094444
0 0.115000 0.384444 0.045000 0.091111
0 0.149062 0.418333 0.053125 0.087778
0 0.220000 0.390556 0.050000 0.083333
0 0.194062 0.467778 0.049375 0.091111
0 0.089375 0.381111 0.046250 0.080000
0 0.057813 0.381667 0.048125 0.081111
0 0.011875 0.381111 0.022500 0.088889
0 0.286875 0.281111 0.053750 0.097778
0 0.262188 0.343333 0.055625 0.100000
0 0.276875 0.432222 0.052500 0.084444
0 0.322813 0.353889 0.055625 0.092222
0 0.338125 0.263889 0.056250 0.098889
0 0.404375 0.260556 0.055000 0.092222
0 0.379688 0.336111 0.054375 0.087778
0 0.342187 0.473889 0.051875 0.092222
0 0.290000 0.518333 0.050000 0.087778
0 0.240625 0.506667 0.058750 0.080000
0 0.219062 0.595556 0.053125 0.093333
0 0.263750 0.596111 0.046250 0.094444
0 0.169063 0.576667 0.056875 0.095556
0 0.141563 0.539444 0.043125 0.070000
0 0.075625 0.591111 0.062500 0.097778
0 0.045937 0.563889 0.046875 0.078889
0 0.059375 0.643889 0.048750 0.090000
0 0.020938 0.642778 0.040625 0.087778
0 0.112812 0.651111 0.055625 0.086667
0 0.160938 0.633333 0.051875 0.084444
0 0.119375 0.476111 0.050000 0.090000
0 0.077813 0.462222 0.045625 0.084444
0 0.041250 0.458889 0.048750 0.086667
0 0.148750 0.464444 0.051250 0.068889
0 0.313125 0.602222 0.055000 0.088889
0 0.337500 0.692778 0.053750 0.096667
0 0.452500 0.219444 0.053750 0.076667
0 0.404687 0.420556 0.051875 0.096667
0 0.428438 0.326667 0.050625 0.080000
0 0.491563 0.301111 0.046875 0.086667
0 0.535000 0.257778 0.052500 0.084444
0 0.509687 0.376111 0.044375 0.085556
0 0.498437 0.500556 0.051875 0.087778
0 0.439063 0.486667 0.050625 0.077778
0 0.453750 0.408889 0.050000 0.084444
0 0.393437 0.496111 0.051875 0.078889
0 0.369688 0.588333 0.050625 0.087778
0 0.416250 0.600000 0.048750 0.088889
0 0.385000 0.668889 0.055000 0.088889
0 0.438437 0.700000 0.051875 0.088889
0 0.492500 0.682778 0.048750 0.083333
0 0.473750 0.591667 0.052500 0.085556
0 0.521875 0.593889 0.047500 0.085556
0 0.552500 0.671667 0.050000 0.090000
0 0.548125 0.439444 0.048750 0.090000
0 0.564375 0.346667 0.051250 0.088889
0 0.587812 0.236667 0.050625 0.093333
0 0.633437 0.246667 0.044375 0.093333
0 0.611250 0.335000 0.045000 0.096667
0 0.590313 0.403333 0.040625 0.093333
0 0.575625 0.478333 0.041250 0.074444
0 0.581562 0.599444 0.055625 0.081111
0 0.626250 0.555000 0.052500 0.090000
0 0.619375 0.641111 0.052500 0.082222
0 0.588437 0.733333 0.049375 0.084444
0 0.640938 0.734444 0.051875 0.088889
0 0.681250 0.709444 0.048750 0.090000
0 0.722812 0.715000 0.044375 0.083333
0 0.665937 0.631667 0.049375 0.083333
0 0.709375 0.628333 0.045000 0.081111
0 0.748437 0.615556 0.043125 0.080000
0 0.714688 0.550000 0.048125 0.088889
0 0.670937 0.505556 0.045625 0.084444
0 0.640625 0.448333 0.051250 0.083333
0 0.848437 0.846111 0.051875 0.085556
0 0.784062 0.718333 0.049375 0.078889
0 0.856563 0.718333 0.051875 0.085556
0 0.912188 0.725000 0.048125 0.083333
0 0.798438 0.629444 0.046875 0.081111
0 0.843750 0.605556 0.045000 0.077778
0 0.820312 0.545556 0.049375 0.084444
0 0.772500 0.555000 0.056250 0.083333
0 0.725313 0.458889 0.058125 0.091111
0 0.694375 0.426667 0.053750 0.084444
0 0.661875 0.360000 0.050000 0.088889
0 0.693125 0.295556 0.055000 0.093333
0 0.676250 0.190000 0.051250 0.093333
0 0.722500 0.207222 0.048750 0.090000
0 0.767188 0.192778 0.050625 0.078889
0 0.749375 0.265000 0.053750 0.092222
0 0.790937 0.300556 0.050625 0.078889
0 0.790312 0.410556 0.051875 0.094444
0 0.788750 0.481667 0.053750 0.076667
0 0.830625 0.455000 0.046250 0.090000
0 0.885312 0.531667 0.048125 0.083333
0 0.910312 0.602778 0.060625 0.087778
0 0.851250 0.395556 0.051250 0.093333
0 0.820000 0.351667 0.042500 0.087778
0 0.852187 0.315556 0.039375 0.068889
0 0.828750 0.188889 0.053750 0.102222
0 0.890625 0.263889 0.048750 0.096667
0 0.903438 0.153333 0.050625 0.088889
0 0.895312 0.396111 0.046875 0.078889
0 0.902813 0.448333 0.048125 0.085556
0 0.953750 0.556111 0.046250 0.078889
0 0.970313 0.454444 0.045625 0.091111
0 0.931250 0.372222 0.042500 0.080000
0 0.904062 0.308333 0.048125 0.074444
0 0.955313 0.288333 0.041875 0.085556
0 0.938750 0.224444 0.047500 0.080000
0 0.955313 0.137778 0.049375 0.077778
0 0.964375 0.217222 0.043750 0.072222
0 0.985625 0.376667 0.028750 0.108889
0 0.168750 0.805000 0.125000 0.187778
0 0.074688 0.872778 0.110625 0.156667
