0 0.279062 0.363333 0.063125 0.088889
0 0.223750 0.484444 0.055000 0.095556
0 0.284687 0.473889 0.048125 0.094444
0 0.328750 0.498333 0.056250 0.101111
0 0.306563 0.560000 0.056875 0.075556
0 0.345625 0.683889 0.067500 0.103333
0 0.384062 0.533889 0.068125 0.087778
0 0.441250 0.563889 0.057500 0.094444
0 0.642500 0.558889 0.103750 0.162222
0 0.715938 0.488333 0.056875 0.085556
0 0.785000 0.466667 0.055000 0.102222
0 0.669687 0.346111 0.053125 0.094444
0 0.480312 0.379444 0.059375 0.107778
0 0.471875 0.256111 0.048750 0.107778
0 0.520312 0.251667 0.043125 0.083333
0 0.409375 0.255000 0.055000 0.096667
0 0.373750 0.273889 0.048750 0.103333
0 0.340000 0.365000 0.050000 0.085556
0 0.391875 0.377222 0.053750 0.101111
0 0.427500 0.350000 0.060000 0.106667
0 0.437188 0.427778 0.055625 0.080000
0 0.518437 0.515000 0.051875 0.101111
0 0.556875 0.525000 0.048750 0.081111
0 0.552813 0.447222 0.039375 0.070000
0 0.528125 0.403333 0.048750 0.102222
0 0.629687 0.378333 0.046875 0.087778
0 0.628125 0.292778 0.065000 0.105556
0 0.401562 0.595000 0.050625 0.067778
