0 0.073750 0.332778 0.060000 0.098889
0 0.202500 0.327778 0.061250 0.106667
0 0.355938 0.289444 0.061875 0.110000
0 0.415000 0.419444 0.081250 0.134444
0 0.479687 0.373889 0.064375 0.094444
0 0.447813 0.283889 0.054375 0.107778
0 0.489063 0.221111 0.069375 0.126667
0 0.561562 0.183889 0.065625 0.123333
0 0.615938 0.142778 0.066875 0.116667
0 0.605000 0.453889 0.117500 0.203333
0 0.270625 0.520556 0.062500 0.096667
0 0.226875 0.556667 0.062500 0.095556
0 0.247188 0.661111 0.064375 0.097778
0 0.305625 0.590556 0.061250 0.098889
0 0.378437 0.592222 0.049375 0.108889
0 0.415938 0.566667 0.058125 0.102222
0 0.466562 0.617778 0.058125 0.104444
0 0.540312 0.708889 0.073125 0.120000
0 0.658750 0.780000 0.096250 0.135556
0 0.686250 0.577778 0.076250 0.126667
0 0.758750 0.705556 0.083750 0.128889
0 0.834063 0.642222 0.076875 0.126667
0 0.947187 0.612222 0.080625 0.135556
0 0.817813 0.430000 0.080625 0.135556
0 0.734062 0.392222 0.075625 0.144444
0 0.680000 0.262778 0.075000 0.138889
0 0.735625 0.172778 0.056250 0.118889
0 0.845938 0.287222 0.059375 0.114444
0 0.918125 0.172778 0.068750 0.132222
0 0.784687 0.195000 0.058125 0.112222
0 0.609688 0.314444 0.066875 0.113333
0 0.029063 0.832222 0.056875 0.102222
0 0.130000 0.631667 0.066250 0.105556
0 0.109063 0.740000 0.058125 0.108889
0 0.339687 0.866667 0.063125 0.097778
0 0.294063 0.812778 0.054375 0.094444
0 0.255937 0.832778 0.048125 0.085556
0 0.344687 0.773333 0.059375 0.084444
0 0.335938 0.682778 0.058125 0.098889
0 0.436875 0.760556 0.060000 0.085556
0 0.489063 0.790000 0.058125 0.097778
0 0.420000 0.675000 0.063750 0.110000
0 0.387500 0.703333 0.048750 0.100000
0 0.478750 0.695556 0.058750 0.088889
0 0.395625 0.791667 0.053750 0.092222
0 0.197500 0.826111 0.056250 0.094444
0 0.147500 0.813333 0.056250 0.093333
