0 0.131250 0.239444 0.118750 0.205556
0 0.075938 0.381667 0.114375 0.194444
0 0.197813 0.392778 0.111875 0.178889
0 0.243125 0.234444 0.108750 0.191111
0 0.340625 0.258889 0.133750 0.228889
0 0.293125 0.480556 0.117500 0.172222
0 0.391562 0.485000 0.138125 0.212222
0 0.504687 0.513333 0.104375 0.191111
0 0.176250 0.077222 0.127500 0.152222
0 0.663750 0.158889 0.143750 0.251111
0 0.612500 0.429444 0.150000 0.243333
0 0.466875 0.331667 0.141250 0.218889
0 0.854688 0.393333 0.128125 0.231111
0 0.817813 0.151111 0.105625 0.180000
0 0.727187 0.562222 0.111875 0.175556
0 0.735000 0.413333 0.108750 0.220000
0 0.812187 0.498889 0.094375 0.168889
