0 0.228516 0.235908 0.172656 0.242171
0 0.400000 0.246347 0.171875 0.231733
0 0.589844 0.199896 0.173437 0.249478
0 0.187891 0.599687 0.150781 0.191023
0 0.333203 0.627871 0.157031 0.176409
0 0.480078 0.618476 0.149219 0.172234
0 0.626563 0.593946 0.156250 0.187891
0 0.766406 0.637265 0.146875 0.180585
0 0.185938 0.408142 0.150000 0.200418
0 0.326172 0.430585 0.167969 0.203549
0 0.477344 0.438413 0.171875 0.206681
0 0.640625 0.399791 0.164062 0.210856
0 0.787891 0.443633 0.147656 0.192067
0 0.786328 0.312109 0.139844 0.123173
