0 0.048047 0.614823 0.094531 0.129436
0 0.102734 0.716075 0.122656 0.139875
0 0.183203 0.497390 0.128906 0.151357
0 0.239453 0.632046 0.111719 0.145094
0 0.337500 0.664927 0.128125 0.150313
0 0.441797 0.659186 0.114844 0.149269
0 0.414062 0.215031 0.143750 0.206681
0 0.551562 0.215553 0.150000 0.191023
0 0.676172 0.198330 0.121094 0.154489
0 0.886328 0.230167 0.183594 0.239040
0 0.344922 0.349687 0.100781 0.154489
0 0.445312 0.377349 0.131250 0.159708
0 0.575000 0.364301 0.129688 0.167015
0 0.706641 0.402923 0.150781 0.185804
0 0.830078 0.389875 0.125781 0.188935
0 0.933594 0.370564 0.131250 0.164927
0 0.348438 0.510438 0.117188 0.158664
0 0.455078 0.530271 0.121094 0.144050
0 0.574219 0.528706 0.123438 0.170146
0 0.553516 0.641441 0.121094 0.163883
0 0.662500 0.649791 0.120313 0.157620
0 0.696875 0.547495 0.142187 0.157620
0 0.834766 0.554280 0.138281 0.173278
0 0.787891 0.691023 0.127344 0.152401
0 0.923438 0.673278 0.125000 0.137787
0 0.948828 0.547495 0.102344 0.188935
