0 0.309375 0.686326 0.089063 0.124217
0 0.178125 0.821503 0.101562 0.131524
0 0.277344 0.812109 0.096875 0.125261
0 0.382812 0.799061 0.093750 0.122129
0 0.478516 0.806889 0.092969 0.110647
0 0.420703 0.714509 0.100781 0.124217
0 0.522656 0.719729 0.104688 0.145094
0 0.566016 0.590292 0.110156 0.140919
0 0.626563 0.716075 0.101562 0.137787
0 0.678125 0.796451 0.098437 0.123173
0 0.762109 0.768267 0.094531 0.129436
0 0.846484 0.772443 0.097656 0.112735
0 0.814844 0.655532 0.095312 0.135699
0 0.673047 0.580898 0.111719 0.140919
0 0.720313 0.680063 0.092188 0.115866
0 0.568750 0.786534 0.087500 0.113779
