0 0.362500 0.416493 0.087500 0.127349
0 0.207031 0.510960 0.067187 0.117954
0 0.115625 0.615344 0.079687 0.126305
0 0.171875 0.667537 0.093750 0.132568
0 0.272656 0.641441 0.096875 0.113779
0 0.258984 0.518267 0.088281 0.117954
0 0.381250 0.626305 0.078125 0.112735
0 0.337891 0.539144 0.086719 0.122129
0 0.425781 0.531837 0.095312 0.120042
0 0.456641 0.668580 0.094531 0.126305
0 0.550781 0.614301 0.085938 0.105428
0 0.516797 0.532881 0.083594 0.120042
0 0.470313 0.428497 0.092188 0.128392
0 0.752344 0.689457 0.096875 0.122129
0 0.637891 0.637787 0.089844 0.112735
0 0.697656 0.544885 0.100000 0.112735
0 0.598047 0.520877 0.082031 0.102296
0 0.562891 0.432150 0.082031 0.114823
0 0.851172 0.443633 0.097656 0.127349
0 0.855469 0.704071 0.104688 0.126305
0 0.869141 0.553758 0.100781 0.130480
0 0.894922 0.654489 0.069531 0.104384
0 0.704297 0.413361 0.072656 0.098121
0 0.635547 0.428497 0.082031 0.099165
0 0.744922 0.506785 0.077344 0.105428
