0 0.378906 0.417015 0.100000 0.136743
0 0.321484 0.540710 0.110156 0.150313
0 0.220703 0.542797 0.105469 0.150313
0 0.103125 0.529749 0.112500 0.149269
0 0.067187 0.639353 0.103125 0.143006
0 0.162891 0.653967 0.103906 0.134656
0 0.266016 0.672756 0.119531 0.153445
0 0.392578 0.624217 0.099219 0.129436
0 0.485156 0.644572 0.100000 0.134656
0 0.506250 0.508873 0.098437 0.132568
0 0.641016 0.691023 0.103906 0.146138
0 0.716016 0.656576 0.086719 0.121086
0 0.785547 0.580898 0.094531 0.122129
0 0.915625 0.570981 0.095312 0.133612
0 0.803906 0.721816 0.095312 0.126305
0 0.926172 0.657098 0.086719 0.113779
0 0.024219 0.518789 0.046875 0.146138
