0 0.898225 0.078516 0.097077 0.155469
0 0.750000 0.039062 0.205637 0.076563
0 0.750522 0.091797 0.196242 0.121094
0 0.603340 0.104688 0.221294 0.132812
0 0.425887 0.210547 0.246347 0.174219
0 0.752610 0.183984 0.200418 0.114844
0 0.738518 0.255859 0.178497 0.107031
0 0.580898 0.209766 0.174322 0.103906
0 0.871086 0.250391 0.107516 0.138281
0 0.599687 0.037109 0.120042 0.072656
0 0.255219 0.323437 0.211900 0.153125
0 0.819937 0.343359 0.174322 0.075781
0 0.661795 0.301172 0.183716 0.099219
0 0.531837 0.299219 0.124217 0.137500
0 0.634134 0.364844 0.182672 0.103125
0 0.792276 0.403906 0.171190 0.068750
0 0.768789 0.462500 0.168058 0.065625
0 0.611691 0.423438 0.179541 0.095312
0 0.489040 0.419922 0.122129 0.130469
0 0.578288 0.473438 0.160752 0.082812
0 0.726514 0.509375 0.158664 0.059375
0 0.707724 0.562109 0.160752 0.060156
0 0.569415 0.519141 0.163883 0.075781
0 0.437891 0.478125 0.151357 0.090625
0 0.400313 0.520312 0.151357 0.089063
0 0.532359 0.561328 0.154489 0.082031
0 0.663883 0.613672 0.158664 0.060156
0 0.636743 0.662500 0.152401 0.060937
0 0.510438 0.607812 0.144050 0.078125
0 0.380480 0.567578 0.145094 0.091406
0 0.363257 0.616016 0.141962 0.085156
0 0.359603 0.664844 0.136743 0.081250
0 0.492171 0.653125 0.143006 0.078125
0 0.487996 0.706250 0.147182 0.081250
0 0.632046 0.716016 0.159708 0.057031
0 0.661273 0.762500 0.159708 0.050000
0 0.310543 0.706641 0.132568 0.082031
0 0.432150 0.750000 0.135699 0.076563
0 0.697286 0.874609 0.169102 0.057031
0 0.562109 0.797266 0.122129 0.099219
0 0.450939 0.816406 0.148225 0.071875
0 0.512004 0.930469 0.138831 0.079687
0 0.637265 0.898438 0.143006 0.037500
0 0.504175 0.878906 0.141962 0.078125
0 0.379436 0.896484 0.143006 0.041406
0 0.292797 0.826562 0.155532 0.089063
0 0.168058 0.219141 0.167015 0.107031
0 0.108559 0.339453 0.100209 0.138281
0 0.169102 0.336328 0.104384 0.153906
0 0.205115 0.455469 0.207724 0.142187
0 0.198330 0.540234 0.160752 0.100781
0 0.088727 0.590234 0.160752 0.125781
0 0.144050 0.807422 0.154489 0.097656
0 0.217119 0.679297 0.108559 0.097656
0 0.128392 0.683594 0.108559 0.100000
0 0.270355 0.585156 0.081420 0.103125
0 0.047495 0.664453 0.092902 0.108594
0 0.076722 0.766797 0.065762 0.136719
0 0.511482 0.932422 0.139875 0.089844
0 0.152401 0.883203 0.194154 0.083594
0 0.611169 0.862500 0.080376 0.051562
0 0.070459 0.214062 0.138831 0.117188
0 0.041754 0.255469 0.081420 0.081250
0 0.033403 0.307812 0.064718 0.082812
0 0.030793 0.367188 0.059499 0.076563
0 0.062109 0.510547 0.115866 0.099219
