0 0.314196 0.196875 0.212944 0.162500
0 0.172234 0.305859 0.212944 0.147656
0 0.687370 0.153906 0.201461 0.164062
0 0.844990 0.218750 0.188935 0.157812
0 0.533403 0.251172 0.200418 0.164844
0 0.071503 0.416406 0.140919 0.165625
0 0.243215 0.441016 0.208768 0.138281
0 0.437370 0.475781 0.183716 0.125000
0 0.380480 0.348828 0.197286 0.152344
0 0.574113 0.392969 0.189979 0.146875
0 0.609603 0.510938 0.175365 0.123438
0 0.477035 0.590234 0.175365 0.121094
0 0.307933 0.566406 0.198330 0.129688
0 0.118998 0.552344 0.200418 0.135937
0 0.615344 0.606641 0.155532 0.105469
0 0.793841 0.558594 0.170146 0.128125
0 0.767745 0.435937 0.199374 0.148438
0 0.864823 0.343750 0.165971 0.135937
0 0.903967 0.471484 0.162839 0.130469
0 0.576200 0.728125 0.133612 0.090625
0 0.709290 0.724219 0.128392 0.092188
0 0.816284 0.822266 0.123173 0.074219
0 0.769833 0.771094 0.115866 0.084375
0 0.264092 0.685937 0.104384 0.075000
0 0.212944 0.725391 0.093946 0.077344
0 0.385699 0.780078 0.092902 0.066406
0 0.295929 0.773047 0.105428 0.069531
0 0.481211 0.755469 0.098121 0.059375
0 0.421712 0.699609 0.098121 0.067969
0 0.350731 0.666016 0.118998 0.086719
0 0.835073 0.705469 0.125261 0.089063
0 0.758873 0.647266 0.131524 0.091406
0 0.935804 0.686719 0.107516 0.092188
0 0.920668 0.803906 0.102296 0.073438
0 0.878392 0.756250 0.101253 0.078125
0 0.878392 0.614453 0.109603 0.092969
0 0.716075 0.300391 0.185804 0.147656
0 0.936326 0.539453 0.123173 0.092969
0 0.978079 0.612891 0.043841 0.096094
0 0.191545 0.619531 0.113779 0.085938
0 0.501566 0.710938 0.069937 0.070312
