0 0.291797 0.171712 0.074219 0.092902
0 0.239844 0.261482 0.079687 0.103340
0 0.189844 0.358038 0.065625 0.091858
0 0.110547 0.430063 0.066406 0.089770
0 0.058203 0.610125 0.088281 0.115866
0 0.276172 0.450939 0.089844 0.123173
0 0.211328 0.518267 0.063281 0.084551
0 0.212109 0.433716 0.058594 0.082463
0 0.331250 0.682150 0.067187 0.105428
0 0.256250 0.814196 0.062500 0.096033
0 0.312109 0.861169 0.064844 0.091858
0 0.372656 0.907098 0.078125 0.098121
0 0.445703 0.837161 0.069531 0.098121
0 0.489844 0.896660 0.067187 0.079332
0 0.517969 0.776096 0.064062 0.090814
0 0.469531 0.651879 0.078125 0.090814
0 0.589844 0.798539 0.070312 0.093946
0 0.609766 0.672234 0.069531 0.089770
0 0.575000 0.560021 0.067187 0.078288
0 0.432031 0.500522 0.054688 0.080376
0 0.497656 0.481211 0.045312 0.075157
0 0.253906 0.599687 0.100000 0.134656
0 0.172266 0.581942 0.103906 0.126305
0 0.081250 0.461900 0.075000 0.120042
0 0.032813 0.446242 0.064062 0.136743
0 0.270313 0.329854 0.071875 0.081420
0 0.371484 0.227557 0.074219 0.106472
0 0.437109 0.176931 0.057031 0.090814
0 0.488672 0.130480 0.060156 0.085595
0 0.491406 0.219729 0.062500 0.080376
0 0.498828 0.318372 0.066406 0.091858
0 0.442969 0.291232 0.082812 0.112735
0 0.387109 0.321503 0.072656 0.089770
0 0.583203 0.307411 0.099219 0.134656
0 0.545312 0.188413 0.064062 0.078288
0 0.639453 0.158664 0.077344 0.104384
0 0.660937 0.495825 0.050000 0.068894
0 0.778516 0.802192 0.102344 0.130480
0 0.772656 0.883612 0.064062 0.080376
0 0.705469 0.795407 0.073438 0.096033
0 0.637109 0.796451 0.061719 0.089770
0 0.571484 0.839770 0.074219 0.065762
0 0.295312 0.628914 0.060937 0.094990
0 0.672266 0.216597 0.064844 0.094990
0 0.704688 0.259395 0.060937 0.086639
0 0.656641 0.295929 0.067969 0.090814
0 0.700391 0.349687 0.061719 0.077244
0 0.619922 0.383090 0.078906 0.108559
0 0.673438 0.390397 0.062500 0.089770
0 0.771875 0.640397 0.064062 0.080376
0 0.876172 0.618998 0.050781 0.060543
0 0.807031 0.550104 0.039062 0.043841
0 0.785156 0.501566 0.053125 0.059499
0 0.760547 0.437891 0.036719 0.038622
0 0.720313 0.484864 0.035937 0.057411
0 0.344141 0.437370 0.069531 0.091858
0 0.392578 0.395616 0.071094 0.077244
0 0.016016 0.557933 0.030469 0.105428
