0 0.102734 0.066284 0.092969 0.120042
0 0.227344 0.114823 0.098437 0.129436
0 0.034766 0.084029 0.067969 0.124217
0 0.321875 0.098121 0.098437 0.125261
0 0.413672 0.099687 0.092969 0.122129
0 0.508984 0.101253 0.091406 0.131524
0 0.596094 0.103862 0.093750 0.122129
0 0.768359 0.176409 0.089844 0.137787
0 0.775781 0.295407 0.087500 0.133612
0 0.826172 0.387787 0.085156 0.113779
0 0.881641 0.287578 0.091406 0.126305
0 0.848437 0.179019 0.078125 0.130480
0 0.896484 0.087161 0.083594 0.109603
0 0.926172 0.193111 0.082031 0.123173
0 0.967578 0.094468 0.064844 0.120042
0 0.962500 0.294885 0.071875 0.120042
0 0.635938 0.202505 0.085938 0.121086
0 0.552734 0.212422 0.091406 0.124217
0 0.467969 0.210334 0.095312 0.124217
0 0.379688 0.205637 0.098437 0.121086
0 0.290625 0.224426 0.095312 0.121086
0 0.196094 0.229123 0.103125 0.126305
0 0.152344 0.271921 0.076563 0.113779
0 0.070312 0.280271 0.087500 0.109603
0 0.083984 0.177975 0.092969 0.113779
0 0.032422 0.362735 0.063281 0.120042
0 0.020313 0.196764 0.039062 0.122129
0 0.108203 0.383090 0.082031 0.118998
0 0.187109 0.369520 0.072656 0.110647
0 0.236328 0.340814 0.088281 0.132568
0 0.300391 0.434760 0.096094 0.126305
0 0.333594 0.325157 0.093750 0.124217
0 0.225781 0.838205 0.070312 0.083507
0 0.156641 0.824635 0.067969 0.087683
0 0.085547 0.801148 0.072656 0.086639
0 0.058984 0.719207 0.075781 0.089770
0 0.037500 0.636743 0.073438 0.098121
0 0.089844 0.567328 0.075000 0.099165
0 0.161328 0.579332 0.078906 0.093946
0 0.112500 0.654489 0.073438 0.093946
0 0.133594 0.742693 0.075000 0.090814
0 0.181250 0.670146 0.076563 0.096033
0 0.027344 0.550626 0.053125 0.094990
0 0.021094 0.469207 0.040625 0.103340
0 0.093359 0.474426 0.080469 0.101253
0 0.168359 0.456681 0.086719 0.107516
0 0.426563 0.317328 0.093750 0.116910
0 0.512891 0.312109 0.092969 0.121086
0 0.607812 0.313674 0.089063 0.117954
0 0.908984 0.383090 0.082031 0.112735
0 0.969141 0.383612 0.057031 0.103340
0 0.944531 0.475470 0.084375 0.109603
0 0.989062 0.495303 0.021875 0.105428
0 0.958594 0.602296 0.067187 0.096033
0 0.941406 0.693111 0.065625 0.096033
0 0.898828 0.768267 0.069531 0.089770
0 0.830469 0.797495 0.068750 0.089770
0 0.849609 0.713466 0.067969 0.090814
0 0.891797 0.638831 0.069531 0.096033
0 0.903906 0.555324 0.073438 0.104384
0 0.777734 0.479123 0.067969 0.116910
0 0.835156 0.539666 0.076563 0.108559
0 0.699219 0.465553 0.076563 0.104384
0 0.703906 0.577766 0.073438 0.101253
0 0.769141 0.580898 0.069531 0.107516
0 0.781250 0.707203 0.070312 0.094990
0 0.728125 0.651879 0.081250 0.101253
0 0.658984 0.693633 0.080469 0.082463
0 0.636328 0.626827 0.075781 0.109603
0 0.640625 0.516701 0.076563 0.096033
0 0.562500 0.410752 0.087500 0.113779
0 0.476172 0.419624 0.094531 0.125261
0 0.390234 0.421190 0.082031 0.105428
0 0.326562 0.518789 0.084375 0.089770
0 0.300391 0.612213 0.077344 0.099165
0 0.230078 0.606994 0.072656 0.103340
0 0.252734 0.696242 0.074219 0.091858
0 0.320312 0.727557 0.078125 0.096033
0 0.274219 0.774530 0.068750 0.083507
0 0.358594 0.780271 0.071875 0.090814
0 0.422656 0.788622 0.060937 0.092902
0 0.489063 0.788622 0.073438 0.088727
0 0.553516 0.792797 0.069531 0.090814
0 0.604297 0.748956 0.069531 0.088727
0 0.700781 0.770877 0.075000 0.109603
0 0.762891 0.796973 0.075781 0.090814
0 0.633594 0.618998 0.085938 0.110647
0 0.541406 0.574113 0.081250 0.100209
0 0.499609 0.505219 0.083594 0.091858
0 0.455469 0.572025 0.073438 0.093946
0 0.426172 0.501044 0.075781 0.098121
0 0.386328 0.571503 0.069531 0.097077
0 0.362891 0.649269 0.080469 0.100209
0 0.431641 0.647704 0.075781 0.097077
0 0.502344 0.643006 0.068750 0.091858
0 0.564844 0.661795 0.067187 0.100209
0 0.526172 0.719729 0.071094 0.094990
0 0.458984 0.723382 0.071094 0.116910
0 0.397656 0.716075 0.062500 0.089770
0 0.030859 0.774530 0.060156 0.096033
0 0.199219 0.752610 0.082812 0.096033
0 0.160547 0.156576 0.072656 0.110647
