0 0.260547 0.181628 0.042969 0.062630
0 0.336719 0.175365 0.062500 0.087683
0 0.453125 0.158664 0.043750 0.064718
0 0.501172 0.175365 0.050781 0.060543
0 0.547656 0.195720 0.050000 0.069937
0 0.594141 0.197286 0.053906 0.064718
0 0.656641 0.208246 0.050781 0.074113
0 0.391797 0.207724 0.061719 0.087683
0 0.185547 0.235386 0.058594 0.072025
0 0.294922 0.245303 0.064844 0.083507
0 0.680859 0.307411 0.067969 0.078288
0 0.604297 0.282881 0.057031 0.066806
0 0.549219 0.267223 0.046875 0.070981
0 0.500781 0.243737 0.045312 0.061587
0 0.455469 0.214509 0.048438 0.059499
0 0.426563 0.262004 0.045312 0.062630
0 0.466406 0.282881 0.046875 0.064718
0 0.513281 0.315240 0.050000 0.066806
0 0.366797 0.263048 0.053906 0.068894
0 0.569141 0.353862 0.057031 0.075157
0 0.612500 0.349165 0.048438 0.067850
0 0.439453 0.307411 0.039844 0.049061
0 0.238281 0.259916 0.050000 0.068894
0 0.265625 0.292797 0.060937 0.078288
0 0.324609 0.310021 0.057031 0.077244
0 0.377734 0.329854 0.052344 0.073069
0 0.477734 0.353340 0.046094 0.065762
0 0.530078 0.402401 0.053906 0.069937
0 0.593750 0.457724 0.056250 0.065762
0 0.489453 0.433194 0.049219 0.064718
0 0.444922 0.403967 0.047656 0.060543
0 0.391797 0.401357 0.053906 0.067850
0 0.331250 0.393528 0.057813 0.066806
0 0.270313 0.378392 0.059375 0.074113
0 0.225391 0.348643 0.053906 0.073069
0 0.172266 0.279749 0.046094 0.070981
0 0.149219 0.371608 0.054688 0.068894
0 0.114453 0.346033 0.046094 0.065762
0 0.208594 0.302192 0.050000 0.059499
0 0.208984 0.383090 0.052344 0.062630
0 0.300000 0.432150 0.051562 0.066806
0 0.350000 0.459290 0.053125 0.068894
0 0.401172 0.472860 0.055469 0.062630
0 0.452734 0.470772 0.047656 0.062630
0 0.447266 0.542797 0.050781 0.060543
0 0.500781 0.515136 0.051562 0.065762
0 0.291016 0.514614 0.057031 0.070981
0 0.251563 0.475992 0.051562 0.058455
0 0.192578 0.465031 0.052344 0.063674
0 0.158594 0.431628 0.043750 0.061587
0 0.103125 0.422756 0.051562 0.068894
0 0.162891 0.499478 0.047656 0.061587
0 0.122656 0.481211 0.048438 0.062630
0 0.131641 0.556367 0.052344 0.062630
0 0.028906 0.492693 0.054688 0.070981
0 0.090234 0.534447 0.047656 0.064718
0 0.108594 0.603340 0.051562 0.064718
0 0.191406 0.548017 0.053125 0.070981
0 0.243750 0.576200 0.059375 0.066806
0 0.315625 0.560543 0.051562 0.064718
0 0.356250 0.503132 0.050000 0.060543
0 0.405859 0.512004 0.047656 0.049061
0 0.400391 0.588727 0.052344 0.058455
0 0.353906 0.587683 0.050000 0.064718
0 0.292187 0.585595 0.045312 0.050104
0 0.288281 0.699896 0.053125 0.057411
0 0.401953 0.662317 0.049219 0.065762
0 0.366797 0.634656 0.042969 0.050104
0 0.450781 0.598121 0.050000 0.064718
0 0.240625 0.681106 0.056250 0.072025
0 0.190234 0.658664 0.053906 0.068894
0 0.208594 0.624217 0.056250 0.073069
0 0.123828 0.659708 0.053906 0.064718
0 0.148047 0.718685 0.050781 0.059499
0 0.194922 0.773486 0.046094 0.052192
0 0.229297 0.829854 0.049219 0.056367
0 0.275781 0.813674 0.050000 0.057411
0 0.358984 0.731733 0.052344 0.060543
0 0.336719 0.759395 0.046875 0.051148
0 0.263281 0.727035 0.048438 0.053236
0 0.239063 0.757829 0.048438 0.052192
0 0.531641 0.593424 0.047656 0.067850
0 0.540234 0.536013 0.053906 0.065762
0 0.582031 0.581420 0.046875 0.062630
0 0.615234 0.564196 0.057031 0.072025
0 0.638281 0.589770 0.045312 0.060543
0 0.685156 0.589770 0.053125 0.070981
0 0.663281 0.531837 0.051562 0.063674
0 0.652344 0.442589 0.050000 0.083507
0 0.687500 0.472860 0.050000 0.075157
0 0.733203 0.532359 0.058594 0.064718
0 0.814063 0.480689 0.057813 0.072025
0 0.865625 0.611691 0.050000 0.064718
0 0.901563 0.483299 0.057813 0.070981
0 0.895312 0.396138 0.050000 0.069937
0 0.836719 0.303236 0.048438 0.076200
0 0.797656 0.319415 0.057813 0.068894
0 0.820312 0.378392 0.059375 0.072025
0 0.832031 0.419624 0.050000 0.062630
0 0.740625 0.365866 0.059375 0.076200
0 0.664844 0.355950 0.059375 0.066806
0 0.680859 0.248956 0.049219 0.051148
0 0.871484 0.546451 0.044531 0.055324
0 0.838281 0.501044 0.048438 0.060543
0 0.787891 0.529228 0.049219 0.052192
0 0.760938 0.500000 0.043750 0.070981
0 0.728516 0.439457 0.049219 0.062630
0 0.697656 0.408142 0.053125 0.070981
0 0.935547 0.478079 0.046094 0.070981
0 0.492188 0.555324 0.050000 0.056367
0 0.322656 0.710856 0.048438 0.058455
0 0.210547 0.702505 0.049219 0.062630
0 0.174219 0.677453 0.045312 0.064718
0 0.578125 0.495303 0.054688 0.061587
