0 0.254688 0.211900 0.090625 0.114823
0 0.252734 0.330898 0.088281 0.110647
0 0.276172 0.431106 0.080469 0.112735
0 0.360547 0.425887 0.086719 0.112735
0 0.342187 0.303758 0.096875 0.114823
0 0.448828 0.427975 0.078906 0.118998
0 0.407813 0.513570 0.087500 0.125261
0 0.339844 0.512004 0.089063 0.124217
0 0.485547 0.536534 0.092969 0.127349
0 0.577734 0.517223 0.092969 0.122129
0 0.666016 0.518267 0.083594 0.115866
0 0.753125 0.517223 0.087500 0.117954
0 0.842187 0.510960 0.095312 0.130480
0 0.878125 0.268267 0.098437 0.150313
0 0.791797 0.161273 0.096094 0.115866
0 0.678125 0.169624 0.075000 0.115866
0 0.623437 0.212422 0.098437 0.128392
0 0.531641 0.212422 0.092969 0.130480
0 0.483984 0.328810 0.102344 0.133612
0 0.536719 0.430063 0.103125 0.121086
0 0.582031 0.328288 0.098437 0.136743
0 0.669531 0.321503 0.095312 0.125261
0 0.754297 0.270355 0.096094 0.127349
0 0.798047 0.370042 0.097656 0.134656
0 0.718750 0.417015 0.098437 0.122129
0 0.622656 0.422234 0.090625 0.128392
