0 0.124217 0.285547 0.077244 0.064844
0 0.226514 0.389844 0.073069 0.054688
0 0.225470 0.425000 0.068894 0.046875
0 0.160752 0.498047 0.064718 0.042969
0 0.090814 0.528906 0.062630 0.046875
0 0.070981 0.582422 0.058455 0.046094
0 0.105950 0.668359 0.059499 0.044531
0 0.176409 0.675781 0.060543 0.046875
0 0.282359 0.666016 0.061587 0.044531
0 0.209812 0.595703 0.060543 0.039844
0 0.193111 0.563672 0.062630 0.046094
0 0.299582 0.553906 0.066806 0.048438
0 0.269833 0.520312 0.055324 0.045312
0 0.230689 0.509375 0.062630 0.046875
0 0.416493 0.354687 0.064718 0.053125
0 0.467641 0.425781 0.068894 0.048438
0 0.417537 0.442969 0.060543 0.043750
0 0.365866 0.464844 0.072025 0.046875
0 0.320459 0.458594 0.058455 0.046875
0 0.358559 0.417187 0.042797 0.031250
0 0.460856 0.381641 0.065762 0.046094
0 0.512004 0.362109 0.063674 0.053906
0 0.531315 0.317969 0.060543 0.050000
0 0.631002 0.321094 0.072025 0.051562
0 0.615344 0.390625 0.065762 0.053125
0 0.633612 0.458594 0.062630 0.054688
0 0.513048 0.447656 0.049061 0.040625
0 0.512526 0.519922 0.052192 0.041406
0 0.476514 0.498828 0.059499 0.042969
0 0.413883 0.532422 0.067850 0.042969
0 0.371086 0.610547 0.065762 0.047656
0 0.464509 0.603906 0.066806 0.045312
0 0.519311 0.578516 0.067850 0.047656
0 0.572025 0.523047 0.068894 0.049219
0 0.680063 0.529687 0.067850 0.056250
0 0.625261 0.498828 0.060543 0.044531
0 0.620564 0.594922 0.063674 0.050781
0 0.567328 0.616406 0.069937 0.046875
0 0.561587 0.659766 0.066806 0.042969
0 0.515136 0.633594 0.076200 0.051562
0 0.786013 0.585938 0.075157 0.046875
0 0.671712 0.619141 0.063674 0.046094
0 0.663883 0.565234 0.062630 0.049219
0 0.673278 0.672656 0.079332 0.045312
0 0.759916 0.665625 0.060543 0.046875
0 0.816806 0.648438 0.065762 0.045312
0 0.876827 0.633203 0.062630 0.047656
0 0.929541 0.600391 0.069937 0.053906
0 0.762004 0.512109 0.060543 0.058594
0 0.817328 0.540234 0.070981 0.052344
0 0.892484 0.472656 0.070981 0.053125
0 0.942589 0.506641 0.054280 0.050781
0 0.713987 0.437891 0.064718 0.052344
0 0.723382 0.393750 0.068894 0.048438
0 0.779749 0.418750 0.062630 0.053125
0 0.787056 0.369922 0.060543 0.049219
0 0.878914 0.373047 0.073069 0.055469
0 0.780271 0.321875 0.074113 0.057813
0 0.710856 0.311719 0.077244 0.059375
0 0.305324 0.439063 0.049061 0.034375
0 0.467641 0.658203 0.056367 0.047656
0 0.514614 0.691797 0.060543 0.050781
0 0.322547 0.724219 0.066806 0.050000
0 0.365866 0.797266 0.063674 0.049219
0 0.351253 0.833594 0.061587 0.042188
0 0.405532 0.837891 0.067850 0.041406
0 0.468163 0.796484 0.057411 0.041406
0 0.475470 0.754687 0.061587 0.048438
0 0.524008 0.822656 0.068894 0.048438
0 0.565240 0.773828 0.061587 0.042969
0 0.648747 0.725781 0.061587 0.048438
0 0.872651 0.569141 0.070981 0.049219
0 0.835073 0.605469 0.062630 0.043750
0 0.760960 0.619531 0.068894 0.050000
0 0.800626 0.487891 0.068894 0.049219
0 0.648747 0.419141 0.061587 0.042969
0 0.661795 0.371094 0.070981 0.048438
