0 0.696667 0.305625 0.335000 0.250000
0 0.387917 0.300312 0.277500 0.221875
0 0.222500 0.450313 0.271667 0.191875
0 0.496250 0.481563 0.284167 0.215625
0 0.620833 0.669063 0.303333 0.224375
0 0.841250 0.483750 0.157500 0.125000
0 0.703333 0.483438 0.198333 0.144375
0 0.530417 0.210313 0.139167 0.091875
0 0.209583 0.772500 0.170833 0.127500
0 0.535833 0.822187 0.196667 0.144375
0 0.717083 0.841875 0.182500 0.130000
0 0.385833 0.768437 0.155000 0.128125
0 0.310833 0.680312 0.166667 0.121875
0 0.370417 0.601875 0.205833 0.156250
0 0.161667 0.648438 0.146667 0.118125
0 0.073333 0.747500 0.145000 0.133750
0 0.083333 0.547188 0.156667 0.131875
0 0.222500 0.559375 0.128333 0.126250
0 0.750417 0.580313 0.149167 0.120625
0 0.815000 0.738437 0.146667 0.139375
