0 0.252812 0.217083 0.093125 0.114167
0 0.247812 0.325833 0.088125 0.111667
0 0.272500 0.432917 0.083750 0.110833
0 0.337500 0.302500 0.091250 0.125000
0 0.356875 0.422500 0.095000 0.126667
0 0.337187 0.501250 0.074375 0.105833
0 0.413750 0.508750 0.081250 0.102500
0 0.485000 0.535000 0.090000 0.125000
0 0.579688 0.517083 0.081875 0.115833
0 0.663750 0.515417 0.086250 0.115833
0 0.752188 0.512083 0.091875 0.117500
0 0.843437 0.505833 0.083125 0.121667
0 0.531563 0.213333 0.091875 0.136667
0 0.624375 0.206250 0.091250 0.145833
0 0.788125 0.166667 0.093750 0.118333
0 0.873750 0.265833 0.098750 0.126667
0 0.798750 0.372917 0.092500 0.127500
0 0.757812 0.266250 0.096875 0.132500
0 0.678750 0.164167 0.071250 0.113333
0 0.670937 0.309167 0.099375 0.128333
0 0.717500 0.424167 0.085000 0.123333
0 0.626875 0.424167 0.092500 0.111667
0 0.582187 0.323750 0.099375 0.129167
0 0.487812 0.335000 0.091875 0.138333
0 0.443437 0.426250 0.094375 0.112500
0 0.538438 0.430000 0.085625 0.115000
