0 0.265000 0.201250 0.077500 0.104167
0 0.335000 0.188750 0.082500 0.114167
0 0.222812 0.242083 0.078125 0.072500
0 0.112187 0.337917 0.073125 0.094167
0 0.088438 0.424167 0.069375 0.095000
0 0.059062 0.505000 0.061875 0.071667
0 0.076250 0.581250 0.058750 0.090833
0 0.103438 0.652917 0.066875 0.090833
0 0.188125 0.721667 0.070000 0.088333
0 0.177813 0.780833 0.071875 0.093333
0 0.237813 0.857500 0.028125 0.046667
0 0.264062 0.916667 0.031875 0.050000
0 0.319688 0.924167 0.038125 0.048333
0 0.358750 0.901250 0.033750 0.050833
0 0.347500 0.953333 0.037500 0.045000
0 0.424375 0.211667 0.076250 0.096667
0 0.508750 0.197083 0.075000 0.109167
0 0.629687 0.208750 0.084375 0.115833
0 0.688125 0.232500 0.072500 0.100000
0 0.545625 0.296250 0.078750 0.102500
0 0.465625 0.291250 0.076250 0.105833
0 0.389375 0.290000 0.080000 0.108333
0 0.319375 0.307500 0.073750 0.105000
0 0.233437 0.310417 0.080625 0.104167
0 0.160625 0.422917 0.068750 0.087500
0 0.221562 0.409167 0.071875 0.098333
0 0.291563 0.402917 0.074375 0.099167
0 0.356875 0.387500 0.071250 0.106667
0 0.426250 0.380417 0.082500 0.105833
0 0.504687 0.374583 0.076875 0.095833
0 0.586250 0.379167 0.075000 0.093333
0 0.644375 0.327083 0.073750 0.102500
0 0.716250 0.322500 0.068750 0.095000
0 0.746250 0.400833 0.067500 0.096667
0 0.678750 0.410000 0.073750 0.098333
0 0.620000 0.459167 0.066250 0.096667
0 0.688750 0.500417 0.076250 0.099167
0 0.744375 0.573333 0.066250 0.090000
0 0.712500 0.647083 0.070000 0.087500
0 0.679375 0.576250 0.065000 0.090833
0 0.621875 0.584167 0.062500 0.083333
0 0.573438 0.530000 0.064375 0.086667
0 0.544375 0.457083 0.070000 0.100833
0 0.472813 0.465417 0.071875 0.104167
0 0.399375 0.472500 0.071250 0.096667
0 0.326875 0.477083 0.071250 0.099167
0 0.260000 0.487917 0.066250 0.095833
0 0.223750 0.497917 0.057500 0.090833
0 0.172813 0.505000 0.059375 0.083333
0 0.106875 0.512083 0.062500 0.080833
0 0.149688 0.574167 0.059375 0.080000
0 0.201875 0.567500 0.062500 0.078333
0 0.259062 0.562917 0.063125 0.084167
0 0.315000 0.555417 0.063750 0.082500
0 0.368437 0.550833 0.071875 0.093333
0 0.288125 0.787500 0.065000 0.083333
0 0.237500 0.779167 0.061250 0.080000
0 0.419687 0.761250 0.069375 0.089167
0 0.367500 0.760000 0.060000 0.075000
0 0.320625 0.707083 0.062500 0.085833
0 0.259062 0.709583 0.063125 0.080833
0 0.486563 0.749583 0.064375 0.092500
0 0.661875 0.660417 0.068750 0.087500
0 0.618125 0.712500 0.060000 0.080000
0 0.562187 0.728333 0.065625 0.083333
0 0.592187 0.650417 0.060625 0.085833
0 0.547188 0.604583 0.066875 0.089167
0 0.518437 0.676667 0.064375 0.086667
0 0.484375 0.617500 0.063750 0.088333
0 0.509687 0.532083 0.063125 0.089167
0 0.444063 0.540417 0.064375 0.085833
0 0.408438 0.624167 0.069375 0.100000
0 0.451875 0.685833 0.068750 0.090000
0 0.380312 0.699167 0.066875 0.090000
0 0.348125 0.625000 0.066250 0.088333
0 0.287813 0.631667 0.064375 0.086667
0 0.229375 0.640833 0.060000 0.085000
0 0.176250 0.638750 0.057500 0.082500
0 0.149688 0.705000 0.050625 0.078333
0 0.199687 0.343750 0.048125 0.069167
0 0.052812 0.434167 0.044375 0.076667
0 0.717812 0.478750 0.046875 0.079167
0 0.315937 0.863750 0.035625 0.047500
0 0.230000 0.925000 0.035000 0.053333
0 0.270937 0.979583 0.031875 0.040833
0 0.291563 0.960833 0.026875 0.046667
0 0.297187 0.923750 0.029375 0.050833
0 0.310312 0.984167 0.034375 0.031667
0 0.284375 0.835833 0.033750 0.041667
