0 0.254688 0.543333 0.141875 0.240000
0 0.394688 0.511111 0.119375 0.202222
0 0.165313 0.617222 0.121875 0.221111
0 0.389688 0.708333 0.114375 0.194444
0 0.495000 0.421667 0.107500 0.201111
0 0.536563 0.235556 0.109375 0.204444
0 0.643437 0.363889 0.113125 0.205556
0 0.768437 0.387222 0.109375 0.205556
0 0.565000 0.514444 0.098750 0.186667
0 0.495625 0.680556 0.105000 0.192222
0 0.611250 0.667778 0.102500 0.186667
0 0.710313 0.663333 0.104375 0.175556
0 0.666250 0.518333 0.101250 0.183333
0 0.829688 0.697778 0.100625 0.193333
0 0.791562 0.541667 0.100625 0.201111
