0 0.109063 0.152778 0.125625 0.196667
0 0.250625 0.153333 0.102500 0.182222
0 0.331250 0.100556 0.122500 0.198889
0 0.444063 0.078889 0.114375 0.155556
0 0.566250 0.107778 0.115000 0.204444
0 0.653438 0.242222 0.118125 0.202222
0 0.823125 0.190556 0.127500 0.216667
0 0.314688 0.340000 0.109375 0.220000
0 0.226562 0.380000 0.109375 0.191111
0 0.067812 0.392778 0.105625 0.170000
0 0.157188 0.317778 0.086875 0.171111
0 0.147813 0.558889 0.114375 0.175556
0 0.121250 0.779444 0.103750 0.170000
0 0.040000 0.671111 0.078750 0.177778
0 0.068750 0.862778 0.095000 0.158889
0 0.195000 0.856667 0.091250 0.133333
0 0.272500 0.934444 0.082500 0.131111
0 0.317500 0.847778 0.116250 0.171111
0 0.493125 0.813889 0.116250 0.183333
0 0.396250 0.652778 0.100000 0.152222
0 0.281562 0.615000 0.111875 0.187778
0 0.246562 0.658889 0.091875 0.168889
0 0.431563 0.475556 0.115625 0.195556
0 0.431563 0.275556 0.108125 0.188889
0 0.544687 0.315000 0.120625 0.185556
0 0.538125 0.502222 0.097500 0.168889
0 0.615625 0.670000 0.090000 0.175556
0 0.648750 0.525000 0.115000 0.201111
0 0.735938 0.375000 0.114375 0.183333
0 0.848437 0.395000 0.111875 0.196667
0 0.942187 0.255556 0.114375 0.208889
0 0.760938 0.576667 0.111875 0.184444
0 0.853750 0.570556 0.105000 0.158889
0 0.640625 0.748333 0.080000 0.096667
0 0.650000 0.863333 0.081250 0.117778
0 0.577187 0.827778 0.065625 0.113333
0 0.732812 0.814444 0.084375 0.122222
0 0.808750 0.794444 0.086250 0.126667
0 0.912813 0.868333 0.088125 0.112222
0 0.967187 0.768889 0.064375 0.135556
0 0.892188 0.722222 0.085625 0.126667
0 0.932813 0.595000 0.090625 0.152222
0 0.930937 0.424444 0.086875 0.146667
0 0.712500 0.680000 0.090000 0.135556
0 0.795937 0.662222 0.089375 0.137778
0 0.613437 0.657778 0.095625 0.135556
0 0.809375 0.882778 0.087500 0.123333
0 0.423750 0.767222 0.061250 0.123333
